1 1.50
2054 0.60
2006 0.60
2 1.50
2007 2055 0.60
0.60
3 1.50
2008 2056 0.60
0.60
5 1.50
2010 6 2058 0.60
0.60
0.60
2011 7 2059 0.80
0.80
0.80
8 2060 0.60
2012 0.60
0.60
9 2061 2013 0.60
0.60
0.60
10 2014 2062 1.50
1.50
1.50
11 1.50
2015 2063 1.50
1.50
12 1.50
2065 2017 1.50
1.50
14 1.50
2066 2018 1.50
1.50
15 1.50
2067 1.50
2019 1.50
16 1.50
2068 2020 1.50
1.50
17 1.50
2069 2021 1.50
1.50
18 1.50
2070 2022 1.50
1.50
19 1.50
2071 1.50
2023 1.50
20 1.50
2072 1.50
2024 1.50
21 1.50
2074 1.50
2026 1.50
22 1.50
2075 1.50
2027 1.50
24 1.50
2076 1.50
2028 1.50
25 1.50
2077 1.50
2029 1.50
26 1.50
2078 1.50
2030 1.50
27 1.50
2079 1.50
2031 1.50
28 1.50
2080 2032 1.50
1.50
29 1.50
2033 1.50
2081 1.50
30 1.50
2034 1.50
2082 1.50
31 1.50
2036 1.50
2084 1.50
33 1.50
2037 1.50
2085 1.50
34 1.50
2038 1.50
2086 1.50
35 1.50
2039 1.50
2087 1.50
36 2040 1.50
1.50
2092 1.50
41 1.50
2045 1.50
2094 1.50
42 1.50
2047 1.50
2095 1.50
43 1.50
2048 2096 1.50
1.50
44 1.50
2049 2097 1.50
1.50
45 1.50
2052 48 2100 1.50
1.50
1.50
2053 1.50
2101 49 1.50
1.50
2054 0.60
50 2102 0.60
0.60
2055 0.60
51 2103 0.60
0.60
2056 52 2104 0.60
0.60
0.60
2057 53 2105 1.00
1.00
1.00
2058 54 2106 0.60
0.60
0.60
2059 55 2107 0.60
0.60
0.60
2060 56 2108 0.60
0.60
0.60
2062 58 2110 1.00
1.00
1.00
59 2063 2111 0.60
0.60
0.60
60 2064 2112 0.60
0.60
0.60
2065 61 2113 1.00
1.00
1.00
2066 62 2114 0.60
0.60
0.60
63 2115 2067 0.60
0.60
0.60
64 2116 2068 0.60
0.60
0.60
65 2117 0.80
2069 0.80
0.80
66 2118 0.60
0.60
2070 1.50
67 2119 0.60
0.60
2072 0.60
2073 2121 69 0.60
0.60
0.60
2074 2122 70 0.60
0.60
0.60
2075 2123 71 0.60
0.60
0.60
2076 2124 0.80
72 0.80
0.80
2077 2125 0.60
0.60
73 0.60
2078 2126 74 0.60
0.60
0.60
2079 2127 75 0.60
0.60
0.60
2128 2080 76 0.60
0.60
0.60
2130 2082 78 0.60
0.60
0.60
2083 2131 79 0.60
0.60
0.60
2084 80 0.60
0.60
2132 1.50
81 2085 2133 0.60
0.60
0.60
82 2086 0.60
2134 0.60
0.60
83 2087 2135 0.60
0.60
0.60
84 2136 2088 0.60
0.60
1.50
85 2089 2137 0.60
0.60
0.60
86 2090 2138 0.60
0.60
0.60
87 2139 2091 0.60
0.60
0.60
89 2141 2093 0.60
0.60
0.60
90 2142 2094 0.60
0.60
0.60
91 2143 2095 0.70
0.70
0.70
2144 92 2096 0.60
0.60
0.60
2145 2097 93 0.60
0.60
0.60
2146 2098 0.60
94 0.60
0.60
2147 2099 95 0.60
0.60
0.60
2100 96 2148 0.60
0.60
0.60
2101 98 2150 0.60
0.60
0.60
2151 2103 99 0.60
0.60
0.60
2104 2152 100 0.60
0.60
1.50
2105 2153 101 0.80
0.80
0.80
2106 102 2154 0.60
0.60
0.60
2107 103 2155 0.60
1.50
1.50
104 2108 2156 0.60
0.60
0.60
105 2157 0.60
2109 0.60
1.50
106 2158 2110 0.60
0.60
0.60
107 2159 2111 0.60
0.60
1.50
109 2161 2113 0.70
0.70
0.70
110 2114 2162 0.60
0.60
0.60
2115 111 2163 0.60
0.60
0.60
2116 112 2164 0.70
0.70
0.70
2117 113 2165 0.60
0.60
0.60
114 2166 0.60
2118 0.60
0.60
115 2167 2119 0.60
0.60
0.60
116 2168 2120 0.60
0.60
0.60
2169 2121 117 0.60
0.60
0.60
2171 2123 119 0.80
0.80
0.80
2172 120 0.60
2124 0.60
0.60
2173 121 2125 0.60
0.60
0.60
2174 2126 122 0.60
0.60
0.60
2175 2127 123 0.70
0.70
0.70
2128 124 2176 0.60
0.60
1.50
125 2129 2177 0.70
0.70
0.70
126 2178 0.60
2130 0.60
0.60
127 2179 2131 0.70
0.70
0.70
129 2181 0.80
2133 0.80
0.80
130 2182 2134 0.60
0.60
0.60
131 2183 2135 1.00
1.00
1.00
132 0.60
2184 2136 0.60
0.60
133 2137 2185 0.80
0.80
0.80
134 2138 0.60
2186 0.60
0.60
135 2139 1.00
2187 1.00
1.00
136 2140 0.60
2188 0.60
0.60
137 2141 2189 0.60
0.60
0.60
139 2143 2191 0.60
1.50
1.50
140 2144 2192 0.70
0.70
0.70
141 2193 2145 0.70
0.70
0.70
2194 142 2146 0.80
0.80
0.80
2195 143 2147 0.60
0.60
0.60
2148 2196 144 0.60
0.60
0.60
2197 2149 145 0.60
0.60
0.60
2150 2198 146 0.60
1.50
1.50
2151 2199 147 1.00
1.00
1.00
2201 2153 149 0.70
0.70
0.70
2202 150 2154 0.60
0.60
1.50
2203 2155 151 0.60
0.60
0.60
2204 2156 152 0.60
0.60
0.60
2205 153 2157 0.60
0.60
0.60
2206 154 2158 0.60
0.60
0.60
2207 155 2159 0.60
0.60
0.60
2160 2208 0.60
156 0.60
0.60
2161 157 2209 0.60
1.50
1.50
2163 2211 159 0.70
0.70
0.70
2164 2212 160 0.60
0.60
0.60
2165 2213 0.60
161 0.60
0.60
2166 2214 162 0.60
0.60
0.60
2167 2215 163 0.60
0.60
0.60
2168 2216 164 0.60
0.60
0.60
2169 165 2217 0.60
0.60
0.60
2170 2218 166 0.60
0.60
0.60
2171 167 2219 0.60
0.60
0.60
2172 2220 168 0.60
0.60
0.60
2174 2222 170 0.60
0.60
0.60
2223 2175 171 0.60
0.60
0.60
172 2176 2224 0.60
0.60
0.60
173 2177 0.60
2225 0.60
0.60
174 2226 2178 0.60
0.60
0.60
2227 175 2179 0.60
0.60
1.50
2228 176 0.60
2180 0.60
0.60
2229 177 2181 0.60
0.60
0.60
178 2230 2182 0.60
0.60
0.60
180 2232 2184 0.60
0.60
0.60
181 2185 0.70
2233 0.70
0.70
182 0.60
2186 0.60
2234 0.60
2187 183 2235 0.60
0.60
1.50
2188 2236 184 0.60
0.60
0.60
2189 2237 0.60
185 0.60
0.60
2190 2238 0.60
186 0.60
0.60
2191 2239 187 0.60
0.60
0.60
2192 2240 188 0.80
0.80
0.80
2194 2242 190 0.60
0.60
0.60
2243 2195 191 0.60
0.60
0.60
2244 2196 192 0.60
0.60
0.60
2245 2197 193 0.60
0.60
1.50
2198 2246 0.60
194 0.60
0.60
2199 2247 195 0.60
0.60
0.60
2200 196 0.60
2248 0.60
0.60
2201 2249 197 1.00
1.00
1.00
2202 0.60
2250 0.60
198 0.60
2204 2252 200 0.60
1.50
1.50
2205 201 0.60
2253 0.60
0.60
2206 2254 202 0.90
0.90
0.90
2207 203 2255 0.60
0.60
0.60
2208 204 2256 0.60
1.50
1.50
2209 205 0.60
2257 0.60
0.60
2258 206 2210 0.60
0.60
0.60
2259 207 2211 0.60
0.60
0.60
208 2212 2260 0.80
0.80
0.80
210 2214 2262 0.60
0.60
0.60
211 0.60
2215 2263 0.60
0.60
212 2264 0.60
2216 0.60
0.60
2265 213 2217 0.60
0.60
0.60
214 2266 2218 0.60
1.50
1.50
215 2219 2267 0.60
0.60
0.60
2220 216 2268 0.60
0.60
0.60
217 2221 2269 0.60
0.60
0.60
2270 2222 218 0.60
0.60
0.60
2272 220 2224 0.60
0.60
0.60
221 2225 2273 0.90
0.90
0.90
222 2274 2226 0.70
0.70
0.70
223 0.80
2275 2227 0.80
0.80
224 0.80
2276 2228 0.80
0.80
2277 2229 1.50
1.50
2278 1.50
2230 1.50
2279 2231 1.50
1.50
2280 2232 0.60
0.60
2281 2233 0.60
0.60
2234 2282 0.60
0.60
2236 2284 0.60
0.60
2237 2285 0.60
0.60
2238 2286 0.60
0.60
2239 2287 0.60
0.60
2240 2288 0.90
0.90
2241 2289 0.70
0.70
2242 2290 0.60
0.60
2243 2291 0.60
0.60
2292 2244 0.60
0.60
2293 2245 0.60
0.60
2294 2246 0.70
0.70
2296 0.60
2248 0.60
2297 0.60
2249 0.60
2298 0.60
2250 0.60
2299 0.60
2251 1.00
2300 0.70
2252 0.70
2301 0.60
2253 0.60
2302 2254 0.60
0.90
2255 2303 0.60
0.60
2256 2304 0.60
0.60
2257 0.70
2305 0.70
2258 0.90
2306 0.90
2260 0.60
2308 0.60
2261 2309 0.80
0.80
2262 2310 0.60
0.60
2263 2311 0.70
0.70
2312 2264 0.80
0.80
2313 2265 0.80
0.80
2314 2266 0.60
0.60
2315 2267 0.60
0.60
2316 2268 0.60
0.60
2317 2269 0.60
0.60
2318 2270 0.80
0.80
2320 2272 0.60
0.60
2321 2273 0.60
0.60
2322 2274 0.80
0.80
2275 2323 0.60
0.60
2276 2324 0.60
0.60
2277 2325 0.60
0.60
2278 2326 0.70
0.70
2279 2327 0.60
0.60
2280 2328 0.60
0.60
2281 2329 0.60
0.60
2283 2331 0.60
0.60
2332 2284 0.70
0.70
2285 2333 0.90
0.90
2286 0.60
2334 0.60
2287 2335 0.60
0.60
2288 2336 0.60
0.60
2289 2337 0.60
0.60
2290 2338 0.60
0.60
2291 2339 0.70
0.70
2292 2340 0.60
0.60
2294 2342 0.60
0.60
2295 2343 0.60
0.60
2296 0.60
2344 0.60
2297 0.60
2345 0.60
2298 2346 0.60
0.60
2347 2299 0.80
0.80
2348 2300 0.80
0.80
2349 2301 0.60
0.60
2350 2302 0.60
0.60
2351 2303 0.60
0.60
2352 2304 0.60
0.60
2354 2306 0.60
0.60
2307 2355 0.60
0.60
2356 2308 0.70
0.70
2309 2357 0.60
0.60
2310 2358 0.60
0.60
2311 2359 0.60
0.60
2312 2360 0.60
0.60
2313 2361 0.60
0.60
2314 2362 0.80
0.80
2315 2363 0.60
0.60
2317 2365 0.60
0.60
2318 2366 0.60
0.60
2319 2367 0.60
0.60
2320 0.60
2368 1.00
2321 0.60
2369 0.60
2322 2370 0.60
0.90
2371 2323 0.60
0.60
2372 2324 0.60
0.60
2373 2325 0.60
0.60
2326 2374 0.70
0.70
2375 2327 0.60
0.60
2377 2329 0.70
0.70
2378 2330 0.90
0.90
2379 2331 0.60
0.60
2380 2332 0.60
0.60
2381 2333 0.60
0.60
2382 2334 0.70
0.70
2383 2335 0.70
0.70
2384 2336 0.60
0.60
2385 2337 0.60
0.60
2386 2338 0.60
0.60
2387 2340 0.90
0.90
2389 2341 0.60
0.60
2390 2342 0.60
0.60
2343 2391 0.70
0.70
2344 2392 0.70
0.70
2345 2393 0.60
0.60
2346 0.60
2394 0.60
2347 2395 0.60
0.60
2348 2396 0.60
0.60
2349 2397 0.60
0.60
2350 0.60
2398 0.60
2352 0.60
2400 0.90
2353 0.60
2401 0.60
2354 0.60
2402 0.60
2355 0.60
2403 0.60
2356 0.60
2404 0.60
2357 2405 0.80
0.80
2358 2406 0.60
0.60
2359 2407 0.60
0.60
2360 2408 0.60
0.60
2409 2361 0.60
0.60
2410 2362 0.60
0.60
2364 2412 0.70
0.70
2365 2413 0.60
0.60
2366 2414 0.60
0.90
2367 2415 0.70
0.70
2368 2416 0.60
0.60
2369 2417 0.70
0.70
2418 2370 0.60
1.00
2419 2371 0.60
0.60
2420 2372 0.60
0.60
2421 2373 0.60
0.60
2374 2422 0.60
0.60
2376 2424 0.60
0.60
2377 2425 0.60
0.60
2378 2426 0.60
0.60
2379 2427 0.70
0.70
2380 2428 0.70
0.70
2381 1.50
2429 1.50
2382 1.50
2430 1.50
2383 1.50
2431 1.50
2384 1.50
2432 1.50
2385 1.00
2433 1.00
2386 1.50
2434 1.50
2387 1.50
2435 1.50
2388 1.50
2436 1.50
2389 1.50
2437 1.50
2390 0.60
2438 0.60
2392 1.50
2440 1.50
2393 1.50
2441 1.50
2394 0.60
2442 0.60
2395 0.60
2443 0.60
2396 0.60
2450 2402 0.60
0.60
2403 2451 0.60
0.60
2404 2452 0.60
0.60
2405 2453 0.60
0.60
2454 2406 0.80
0.80
2455 2407 0.60
0.60
2456 2408 0.60
0.60
2458 2410 0.80
0.80
2459 2411 0.60
0.60
2460 2412 0.60
0.60
2461 2413 0.60
0.60
2462 2414 0.70
0.70
2463 2415 0.60
0.60
2464 2416 0.80
0.80
2465 2417 0.60
0.60
2466 2418 0.60
0.60
2467 2419 0.80
0.80
2468 2420 0.60
0.60
2470 2422 0.60
0.60
2471 2423 0.60
0.60
2472 2424 0.60
0.60
2473 2425 0.60
0.60
2474 2426 0.60
0.60
2475 2427 0.60
0.60
2428 2476 0.60
0.60
2429 2477 0.60
0.60
2430 2478 0.80
0.80
2431 2479 0.60
0.60
2432 2480 0.60
0.60
2434 2482 0.60
0.60
2435 2483 0.60
0.60
2436 2484 0.60
0.60
2485 2437 0.60
0.60
2486 0.60
2438 1.00
2487 2439 0.70
0.70
2488 2440 0.90
0.90
2441 2489 0.70
0.70
2490 2442 0.60
0.60
2491 0.60
2443 0.60
2493 2445 0.60
0.60
2494 2446 0.60
0.60
2495 2447 0.60
0.60
2496 0.60
2448 0.60
2497 0.60
2449 0.60
2498 0.60
2450 0.60
2499 0.60
2451 1.00
2500 2452 0.60
0.60
2501 2453 0.60
0.60
2502 2454 0.60
0.60
2503 2455 0.80
0.80
2505 2457 0.70
0.70
2506 2458 0.60
1.00
2507 2459 0.60
0.60
2508 2460 0.70
0.70
2509 2461 0.60
0.60
2510 2462 0.70
0.70
2511 2463 0.90
0.90
2512 2464 0.60
0.60
2513 2465 0.60
0.60
2514 2466 0.60
0.60
2515 0.90
2467 0.90
2517 2469 0.60
0.60
2518 2470 0.60
0.60
2519 2471 0.60
0.60
2520 2472 0.80
0.80
2521 2473 0.60
0.60
2522 2474 0.90
0.90
2523 2475 0.60
0.60
2524 2476 0.60
0.60
2477 2525 0.70
0.70
2478 2526 0.60
0.60
2479 2527 0.60
0.60
2481 2529 0.70
0.70
2482 2530 0.60
0.60
2483 2531 0.80
0.80
2484 2532 0.60
0.60
2485 0.60
2533 1.00
2486 2534 0.60
0.60
2487 0.60
2535 0.60
2488 2536 0.60
0.60
2489 2537 1.00
1.00
2490 2538 0.60
0.60
2491 2540 0.60
0.60
2541 2493 0.60
0.60
2494 2542 0.60
0.60
2495 2543 0.80
0.80
2496 2544 0.60
0.60
2497 2545 0.60
0.60
2498 0.60
2546 0.60
2499 2547 0.60
0.60
2500 2548 0.60
0.60
2501 2549 0.60
0.60
2503 2551 0.60
0.60
2504 2552 0.80
0.80
2505 2553 0.60
0.60
2506 2554 0.60
0.60
2507 2555 0.70
0.70
2556 2508 0.60
0.60
2557 2509 0.60
0.60
2558 0.80
2510 0.80
2559 2511 0.60
0.60
2562 2514 0.70
0.70
2563 2515 0.60
0.60
2564 2516 0.60
0.60
2565 2517 0.60
0.60
2566 2518 0.60
0.60
2519 2567 0.60
0.60
2520 2568 0.60
0.60
2521 2569 0.60
0.60
2522 2570 0.80
0.80
2523 2571 0.60
0.60
2525 2573 0.60
0.60
2526 2574 0.60
0.60
2575 2527 0.70
0.70
2576 2528 0.60
0.60
2577 2529 0.60
0.60
2578 2530 0.90
0.90
2579 2531 0.60
0.60
2580 2532 0.60
0.60
2581 2533 0.60
0.60
2582 2534 0.60
0.60
2583 2535 0.60
0.60
2585 2537 0.60
1.00
2586 2538 0.60
0.60
2587 2539 0.80
0.80
2540 2588 0.60
0.60
2541 2589 0.60
0.60
2542 2590 0.70
0.70
2591 2543 0.60
0.60
2544 2592 0.70
0.70
2545 2593 0.60
0.60
2546 2594 0.60
0.60
2595 2547 0.60
0.60
2597 2549 0.60
0.60
2550 2598 0.60
0.60
2551 2599 0.60
0.60
2600 2552 0.60
0.60
2601 2553 0.60
0.60
2554 2602 0.60
0.60
2555 2603 0.60
0.60
2556 2604 0.60
0.60
2557 2605 0.60
0.60
2558 2606 0.60
0.60
2560 2608 0.80
0.80
2561 2609 0.60
0.60
2562 2610 0.60
0.60
2563 2611 0.60
0.60
2564 0.60
2612 1.00
2565 0.60
2613 0.60
2566 0.60
2614 0.60
2567 2615 0.90
0.90
2568 2616 0.60
0.60
2617 2569 0.60
0.60
2570 2618 0.60
0.60
2572 2620 0.80
0.80
2573 2621 0.60
0.60
2574 2622 0.60
0.60
2575 2623 0.60
0.60
2576 2624 0.60
0.60
2577 2625 0.60
0.60
2578 2626 0.60
0.60
2579 2627 0.60
0.60
2580 2628 0.60
0.60
2581 2629 0.60
0.60
2583 2631 0.90
0.90
2632 2584 0.60
0.60
2633 2585 0.80
0.80
2634 2586 0.60
0.60
2635 2587 0.60
0.60
2636 2588 0.60
0.60
2637 2589 0.60
0.60
2590 2638 0.80
0.80
2591 0.60
2639 0.60
2592 2640 0.90
0.90
2641 2593 0.60
0.60
2643 2595 0.60
0.60
2644 0.60
2596 0.60
2645 0.60
2597 0.60
2646 0.60
2598 0.90
2647 0.60
2599 0.60
2648 0.60
2600 0.60
2649 2601 0.80
0.80
2650 2602 0.60
0.60
2651 2603 0.80
0.80
2652 2604 0.60
0.60
2605 2653 0.60
0.60
2607 2655 0.60
0.60
2656 2608 0.60
0.60
2609 2657 0.80
0.80
2610 2658 0.60
0.60
2611 2659 0.60
0.60
2612 2660 0.60
0.60
2613 2661 1.50
1.50
2614 1.50
2662 1.50
2615 1.50
2663 1.50
2616 1.50
2664 1.50
2617 1.50
2665 1.50
2618 1.50
2666 1.50
2619 1.50
2667 1.50
2621 2669 1.50
1.50
2670 2622 1.50
1.50
2671 2623 1.50
1.50
2672 2624 1.50
1.50
2673 2625 0.80
0.80
2674 2626 0.60
1.00
2675 2627 1.00
1.00
2676 2628 1.00
1.00
2677 1.50
2629 1.50
2678 2630 0.60
1.50
2679 2631 0.90
0.90
2681 2633 0.60
0.60
2682 2634 0.90
0.90
2683 2635 1.50
1.50
2684 2636 0.60
0.60
2691 2643 0.80
0.80
2692 2644 0.70
0.70
2693 1.50
2645 1.50
2694 2646 0.70
0.70
2695 2647 0.80
0.80
2648 2696 0.60
0.60
2649 2697 0.90
0.90
2650 0.80
2698 1.50
2652 0.70
2700 0.70
2653 0.90
2701 0.90
2654 0.60
2702 0.60
2655 2703 0.80
0.80
2656 2704 0.60
0.60
2705 2657 0.90
0.90
2708 2660 0.90
0.90
2661 2709 0.80
1.00
2662 2710 1.00
1.00
2663 2711 0.80
0.80
2664 2712 1.50
1.50
2665 2713 0.80
0.80
2666 2714 0.90
1.00
2667 2715 0.70
0.70
2668 2716 1.50
1.50
2670 2718 0.80
0.80
2671 2719 0.70
0.70
2672 2720 1.50
1.50
2673 2721 0.70
0.70
2674 0.80
2722 0.80
2726 2678 0.90
0.90
2727 2679 0.60
0.60
2728 2680 0.60
0.60
2730 2682 0.60
0.60
2731 2683 0.90
0.90
2684 2732 0.70
0.70
2685 2733 0.80
1.50
2686 2734 0.70
0.70
2687 2735 0.60
0.60
2688 2736 0.90
0.90
2689 1.50
2737 1.50
2690 0.60
2739 0.60
2740 2692 1.50
1.50
2694 2742 0.60
0.60
2695 2743 0.60
0.60
2696 2744 0.80
0.80
2746 2698 0.60
0.60
2747 2699 0.60
0.60
2749 1.50
2701 1.50
2750 2702 0.80
0.80
2758 0.60
2710 0.60
2759 1.50
2711 1.50
2760 0.60
2712 1.50
2766 2718 0.60
0.60
2771 2723 0.60
0.60
2772 2724 0.60
0.60
2773 2725 0.60
0.60
2774 0.80
2726 0.80
2775 0.80
2727 0.80
2776 0.60
2728 0.60
2777 1.50
2729 1.50
2778 0.70
2730 0.70
2780 0.60
2732 0.60
2781 0.60
2733 0.60
2738 2786 0.90
0.90
2739 2787 0.90
0.90
2740 2788 0.80
0.80
2789 2741 0.60
0.60
2790 1.50
2742 1.50
2791 2743 0.80
0.80
2745 2793 0.60
0.60
2746 2794 0.70
0.70
2747 2795 0.60
0.60
2748 2796 0.70
0.70
2749 2797 0.70
0.70
2798 2750 0.80
0.80
2751 2799 0.60
0.60
2752 2801 0.60
0.60
2754 2802 1.50
1.50
2755 1.50
2803 1.50
2756 1.50
2804 1.50
2757 0.60
2805 1.50
2758 0.60
2806 0.60
2759 0.80
2807 0.60
2761 2809 0.70
0.70
2810 2762 0.70
0.70
2811 2763 0.60
0.60
2812 2764 0.70
0.70
2813 2765 1.50
1.50
2769 2817 0.80
0.80
2770 0.90
2818 0.90
2771 0.90
2819 0.90
2821 2773 1.50
1.50
2822 2774 0.60
1.50
2775 2823 1.50
1.50
2778 2826 0.70
0.70
2779 2827 1.50
1.50
2780 2828 1.50
1.50
2781 2829 1.50
1.50
2830 2782 1.50
1.50
2785 2833 0.60
0.60
2786 2834 0.60
0.60
2835 2787 0.60
0.60
2837 2789 0.60
0.60
2838 2790 1.50
1.50
2839 2791 0.70
0.70
2840 2792 0.60
0.60
2794 2842 0.60
0.60
2843 2795 0.60
0.60
2796 2844 0.60
0.60
2846 2798 0.80
0.80
2799 2847 0.70
0.70
2800 1.50
2848 1.50
2801 1.50
2849 1.50
2802 0.60
2850 1.00
2803 0.70
2855 0.60
2809 0.60
2857 0.90
2858 0.60
2810 0.60
2860 1.50
2812 1.50
2862 2814 0.80
0.80
2863 2815 0.80
0.80
2864 2816 0.70
0.70
2865 2817 0.60
0.60
2866 2818 0.60
0.60
2869 2821 0.60
0.60
2822 1.50
2870 1.50
2823 1.50
2871 1.50
2872 2824 0.70
0.70
2873 1.50
2825 1.50
2874 2826 0.80
0.80
2827 2875 1.50
1.50
2829 2877 1.50
1.50
2833 2881 0.60
0.60
2882 2834 0.60
0.60
2837 2885 0.90
0.90
2838 2886 0.60
0.60
2840 2888 0.70
0.70
2841 0.60
2889 0.60
2842 0.60
2890 0.60
2843 1.50
2891 1.50
2844 0.60
2892 0.60
2845 0.60
2893 0.60
2846 0.60
2894 0.90
2896 2848 0.60
0.60
2849 2897 0.60
0.60
2850 2898 0.70
0.70
2851 2899 0.60
0.60
2856 2904 0.60
0.60
2863 2911 0.80
0.80
2912 2864 0.60
0.60
2913 2865 0.70
0.70
2914 2866 0.60
0.60
2915 2867 0.60
0.60
2871 2919 0.60
0.60
2873 2921 0.70
0.70
2875 2923 0.60
0.60
2876 2924 0.60
0.60
2877 2925 0.70
0.70
2878 2926 0.70
0.70
2929 0.60
2881 0.60
2930 1.50
2882 1.50
2931 2883 0.60
0.60
2932 1.50
2884 1.50
2888 2936 0.70
0.70
2889 2937 0.70
0.70
2890 2938 1.50
1.50
2891 2939 0.60
0.60
2892 2940 1.50
1.50
2893 2941 0.60
0.60
2904 2952 0.60
0.60
2905 2953 0.60
0.60
2906 2954 0.70
0.70
2907 2955 0.60
0.60
2908 0.70
2956 0.70
2958 0.90
2910 0.90
2960 0.70
2912 0.70
2961 0.60
2913 0.60
2962 0.70
2914 0.60
2963 0.60
2915 1.00
2964 0.60
2916 0.60
2965 1.00
2918 0.90
2967 1.50
2919 1.50
2968 1.50
2920 1.50
2969 0.80
2921 0.80
2970 0.60
2922 0.60
2971 2923 0.60
0.60
2972 2924 0.60
0.60
2932 2980 0.60
1.50
2933 2981 0.60
0.60
2934 2982 0.60
0.60
2988 2940 0.60
0.60
2989 2941 0.70
0.70
2990 2942 0.60
0.60
2944 2992 1.50
1.50
2945 1.50
2993 1.50
2948 2996 0.60
0.60
2997 2949 0.60
0.60
2998 2950 0.80
0.80
3011 2963 0.60
0.60
2964 3012 0.70
0.70
2965 3013 0.80
0.80
2966 3014 0.60
0.60
2968 3016 0.80
0.80
2970 3018 0.70
0.70
2971 3019 0.70
0.70
2972 3020 0.60
0.60
3022 0.60
2974 1.50
3023 1.50
2975 1.50
3024 0.90
2976 0.90
3025 0.70
2977 1.00
3026 1.50
2978 1.50
3033 2985 0.70
0.70
3034 2986 0.90
0.90
2987 3035 0.60
0.60
2988 3036 0.60
0.60
3038 2990 1.50
1.50
3039 0.60
2991 1.50
3040 0.80
2992 0.80
3041 0.60
2993 0.60
3042 0.60
2994 0.60
3057 3009 0.60
0.60
3058 3010 0.80
0.80
3060 3012 0.70
0.70
3061 3013 0.60
0.60
3064 3016 1.50
1.50
3065 3017 0.60
0.60
3066 3018 0.60
0.60
3081 3033 0.80
0.80
3082 3034 0.70
1.50
3083 3035 0.60
0.60
3085 3037 0.60
0.90
3086 3038 0.60
0.60
3044 3092 0.90
0.90
3045 3093 0.90
0.90
3046 3094 0.60
0.60
3048 3096 0.80
0.80
3049 3097 0.60
0.60
3054 3102 0.60
0.60
3055 3103 0.80
0.80
3056 3104 0.60
0.60
3057 3105 0.60
0.60
3058 0.60
3106 0.60
3060 3108 0.60
0.60
3061 3109 0.60
0.60
3063 1.50
3111 1.50
3064 1.50
3112 1.50
3065 1.50
3113 1.50
3072 3120 0.80
0.80
3121 3073 1.00
1.00
3074 3122 0.60
0.60
3075 1.50
3123 1.50
3076 1.50
3124 1.50
3077 1.50
3125 1.50
3079 3127 0.60
0.60
3080 3128 0.60
0.60
3081 3129 0.70
0.70
3082 1.50
3130 1.50
3083 0.60
3131 0.60
3135 3087 1.50
1.50
3136 3088 0.90
0.90
3137 3089 0.90
0.90
3138 3090 0.90
0.90
3139 3091 0.60
0.60
3140 3092 0.60
0.60
3142 3094 0.80
0.80
3147 3099 0.60
0.60
3105 3154 0.60
0.60
3107 3155 0.70
0.70
3108 3156 0.70
0.70
3109 3157 0.60
1.00
3110 3158 0.60
0.60
3161 3113 0.60
0.60
3162 3114 0.60
0.60
3163 3115 0.90
0.90
3175 3127 1.50
1.50
