1 51.60
2 51.12
3 51.12
4 51.12
5 51.12
6 51.12
7 50.63
8 51.12
9 49.66
11 50.63
12 50.63
13 50.63
14 51.12
15 50.14
16 50.63
17 51.60
18 51.12
19 52.09
20 52.58
21 52.58
22 52.58
23 53.55
24 53.55
25 53.55
27 54.04
28 55.50
29 56.96
30 56.47
31 56.96
32 57.45
33 57.93
34 58.91
35 59.40
36 59.40
38 58.42
39 59.40
40 60.37
41 60.86
42 60.37
43 60.86
44 60.37
45 60.86
46 61.34
48 62.80
49 62.32
50 63.29
51 62.32
52 62.32
53 61.34
55 58.91
56 61.34
57 61.83
58 61.34
59 62.80
60 61.34
61 62.80
62 62.80
64 62.80
65 64.27
66 63.29
67 63.29
68 62.32
69 62.32
70 60.37
73 61.83
74 62.80
75 62.80
76 64.27
77 64.27
78 64.27
80 63.29
81 64.27
82 64.75
83 64.27
84 64.75
85 64.75
87 65.24
88 64.27
89 64.75
90 64.75
91 64.75
92 64.75
94 65.24
95 65.24
96 65.73
97 65.73
98 65.73
99 66.21
101 65.24
102 66.21
103 64.75
104 65.73
105 63.29
106 63.29
108 63.29
109 61.83
110 61.83
111 61.83
113 60.86
114 60.86
115 59.88
116 60.37
118 61.83
119 63.29
120 64.27
121 63.78
122 65.24
123 65.24
124 65.24
126 64.27
127 65.24
128 65.73
129 65.24
130 65.73
132 66.21
133 66.21
134 65.24
135 66.70
136 66.21
137 65.73
139 66.21
140 65.73
141 66.70
142 66.21
143 66.70
144 66.21
146 66.21
147 67.19
148 67.19
149 66.70
150 67.19
151 66.21
153 66.70
154 67.19
155 67.67
156 66.70
157 67.19
160 67.19
161 66.21
162 66.70
163 66.21
164 66.21
165 68.65
166 67.67
168 67.19
169 67.19
170 67.19
171 67.67
172 67.19
173 68.16
175 68.16
176 68.16
177 68.16
178 67.19
179 67.67
180 67.67
182 67.67
183 67.67
184 67.67
185 68.65
186 66.70
187 68.16
188 67.67
190 68.16
191 67.19
192 68.16
193 68.16
194 68.16
195 68.16
197 67.19
198 67.67
199 67.67
200 68.16
201 68.16
202 67.19
203 67.19
205 68.16
206 67.19
207 66.21
208 63.29
212 65.24
213 61.83
216 65.24
217 65.73
218 65.73
219 65.73
220 66.70
222 67.67
223 66.70
224 67.67
225 66.70
226 67.67
227 67.67
228 66.70
230 68.16
231 67.19
232 67.19
233 68.16
234 68.16
235 66.70
236 68.16
237 67.19
238 67.67
240 67.67
241 68.65
242 68.16
243 67.67
244 68.16
245 66.70
246 66.21
247 66.70
249 65.73
250 66.70
252 66.70
253 67.67
254 68.65
255 67.67
256 68.16
257 68.65
259 68.16
260 68.16
261 67.67
262 69.14
263 69.62
264 68.16
266 68.65
267 69.14
268 68.16
269 69.14
270 69.14
271 69.14
273 68.65
274 68.65
275 68.65
276 67.67
277 70.11
279 69.14
280 69.62
281 68.65
282 69.14
283 70.11
284 69.62
285 68.65
286 69.14
288 68.65
289 68.65
290 64.27
292 65.73
294 66.70
295 67.19
296 67.19
297 68.16
298 66.70
299 67.67
301 68.65
302 69.62
303 69.14
304 68.16
305 68.65
307 68.65
308 69.14
309 68.65
310 69.14
311 69.14
312 69.14
314 69.62
315 69.14
316 69.14
317 67.67
318 68.65
320 69.62
321 69.62
322 69.14
323 69.62
324 69.62
325 70.11
327 68.65
328 69.14
329 70.11
330 69.62
331 70.11
332 69.62
334 69.14
335 69.14
336 69.14
337 70.11
338 69.14
339 69.62
341 69.14
342 69.62
343 69.14
344 69.62
345 70.60
346 69.62
347 68.65
349 70.60
350 69.62
351 71.08
352 70.60
353 70.11
354 70.11
356 69.62
357 69.62
358 69.14
359 70.11
360 69.14
361 69.14
363 68.65
364 69.14
365 70.60
366 69.62
367 70.11
368 70.60
370 70.60
371 69.62
372 70.11
373 69.62
374 70.60
375 70.60
377 70.11
378 70.11
379 69.14
380 67.67
381 65.73
383 67.67
384 68.65
385 68.16
386 68.16
388 69.62
389 69.62
390 69.62
391 69.14
392 69.62
393 70.11
394 70.11
396 70.60
397 69.14
398 69.62
399 69.14
400 70.60
402 71.08
403 70.11
404 69.62
405 70.60
406 71.08
407 70.11
408 69.62
410 69.14
411 67.19
412 67.67
413 68.65
414 68.16
415 67.19
416 63.29
420 67.19
421 66.70
422 67.67
423 67.19
424 68.16
426 68.65
427 69.14
428 68.65
429 69.62
430 68.65
431 70.60
433 70.11
434 69.14
435 69.14
436 69.62
437 69.62
438 69.14
439 68.65
441 68.16
442 66.70
443 66.70
444 65.73
446 65.24
447 65.73
448 65.73
449 65.24
450 67.19
452 66.70
453 64.75
454 65.73
455 65.24
456 66.21
458 64.27
459 66.21
460 64.75
461 61.83
467 62.32
468 62.80
469 62.32
470 61.83
472 62.80
473 63.78
474 63.78
475 64.27
477 63.78
478 64.27
479 62.80
480 63.78
482 64.27
483 63.29
484 63.29
485 63.78
487 63.29
488 63.78
489 63.29
490 62.80
491 62.80
493 64.27
494 63.29
495 62.80
496 63.29
498 64.27
499 62.80
500 62.80
501 62.80
503 62.80
504 62.80
505 61.83
506 62.80
508 63.29
509 61.83
510 62.32
511 62.80
513 61.83
514 62.32
515 61.34
516 62.80
517 61.34
519 62.80
520 61.34
521 62.32
522 61.34
524 61.83
525 62.80
526 61.83
527 60.86
531 61.34
532 60.86
534 61.34
535 61.34
536 61.34
537 61.34
538 61.83
540 62.32
541 62.80
542 61.34
543 61.83
545 61.83
546 61.34
547 60.86
548 61.83
550 62.32
551 62.32
552 61.34
553 61.34
554 61.83
556 61.34
557 61.83
558 61.83
559 61.34
561 61.83
562 61.34
563 61.83
564 61.34
566 61.83
567 61.83
568 61.83
569 61.34
571 61.34
572 61.83
573 61.83
574 61.83
576 61.34
577 61.83
578 61.34
579 61.83
580 61.34
582 61.34
583 62.80
584 61.34
585 61.34
587 60.86
588 61.83
589 61.83
590 61.83
592 61.34
593 61.34
594 61.34
595 61.34
597 62.32
598 61.83
599 62.32
600 61.83
602 61.34
603 61.83
604 60.86
605 61.34
607 60.86
608 60.86
609 61.34
610 61.34
611 61.34
613 60.86
614 62.32
615 61.83
616 61.34
618 60.86
619 61.34
620 60.86
621 61.34
623 60.37
624 61.83
625 61.34
626 60.86
628 61.34
629 60.86
630 60.86
631 60.86
632 60.86
634 61.34
635 60.86
636 60.37
637 61.34
639 61.34
640 61.34
641 61.34
642 59.88
644 61.34
645 61.34
646 60.86
647 60.86
649 60.86
650 61.34
651 61.34
652 60.86
653 60.86
655 61.83
656 60.86
657 60.86
658 61.34
660 61.83
661 60.86
662 60.86
663 60.86
665 60.86
666 60.86
667 61.34
668 59.88
670 60.86
671 61.34
672 61.34
673 60.86
675 61.34
676 60.37
677 61.34
678 61.34
679 60.37
681 61.34
682 60.37
683 61.34
684 60.86
686 60.37
687 59.88
688 60.37
689 61.34
691 60.86
692 60.37
693 60.86
694 60.86
695 60.86
697 60.86
698 60.86
699 61.34
700 61.34
702 60.37
703 61.34
704 60.86
705 60.37
707 59.40
708 60.37
709 61.34
710 61.34
712 60.86
713 59.40
714 60.86
715 60.86
717 60.37
718 59.88
719 60.86
720 60.86
721 60.86
723 60.86
724 59.88
725 60.86
726 61.34
728 59.88
729 60.86
730 60.86
731 59.88
733 59.88
734 59.88
735 59.40
736 59.88
738 60.37
739 60.86
740 61.83
741 59.88
743 60.37
744 60.86
745 60.86
746 59.88
748 60.37
749 60.37
750 61.34
751 60.37
752 60.37
754 60.86
755 60.86
756 58.91
757 60.37
759 60.86
760 59.88
761 61.34
762 60.86
764 60.37
765 59.40
766 59.88
767 59.88
769 60.86
770 60.37
771 58.91
772 59.40
774 60.37
775 60.86
776 60.37
777 60.37
779 60.86
780 59.88
781 60.86
782 60.86
783 59.40
785 59.88
786 60.86
787 59.88
788 61.34
790 61.34
791 60.86
792 59.88
793 60.37
795 60.37
796 59.88
797 58.91
798 60.86
799 61.83
801 59.88
802 59.88
804 60.37
805 60.37
806 60.37
807 59.40
809 59.88
810 58.91
811 58.42
812 58.42
814 59.40
815 59.88
816 59.40
817 60.86
819 59.88
820 59.88
821 59.88
822 59.88
824 60.37
825 60.37
826 60.37
827 59.88
828 60.86
830 60.86
831 60.37
832 60.37
833 60.86
835 61.34
836 59.88
837 59.88
838 60.86
840 59.40
841 59.88
842 61.34
843 59.88
845 59.88
846 60.86
847 60.86
848 59.88
850 61.34
851 60.37
852 60.37
853 60.37
855 59.88
856 60.37
857 61.34
858 59.88
859 61.34
861 60.86
862 60.37
863 60.86
864 60.86
866 60.37
867 60.37
868 60.37
869 60.37
871 60.86
872 60.86
873 60.37
875 59.88
876 60.37
877 59.88
879 60.37
880 59.88
881 60.86
882 60.37
884 60.37
885 59.88
886 59.40
887 60.86
888 60.86
890 60.37
891 60.37
892 60.86
893 59.88
895 59.40
896 59.88
897 60.86
898 61.34
900 60.86
901 59.40
902 60.86
903 60.86
905 60.86
906 60.86
907 60.86
908 60.86
910 59.88
911 60.37
912 60.86
913 60.37
915 59.88
916 61.34
917 59.88
918 59.88
919 60.37
921 61.34
922 59.88
923 60.37
924 60.86
926 60.37
927 59.88
928 60.37
929 59.88
931 59.40
932 58.91
933 60.37
934 59.40
935 57.93
937 59.88
938 58.91
939 57.45
940 57.93
942 58.91
943 58.91
944 59.88
945 59.40
947 60.86
948 60.37
949 59.40
950 59.88
951 59.40
953 59.40
954 59.88
955 59.88
956 60.37
958 60.37
959 59.88
960 59.88
961 60.37
962 60.86
964 60.86
965 60.86
966 59.40
967 59.40
969 59.88
970 59.88
971 60.86
972 60.37
974 60.37
975 61.34
976 60.37
977 59.88
978 60.86
980 60.37
981 60.37
982 60.37
983 60.37
985 59.88
986 60.37
987 60.37
988 61.34
990 60.37
991 60.86
992 59.88
993 61.34
995 60.86
996 59.40
998 58.42
999 59.40
1000 59.88
1001 59.88
1003 60.86
1004 60.37
1005 60.86
1006 59.88
1007 59.88
1009 59.40
1010 61.83
1011 60.37
1012 60.37
1014 59.40
1015 60.37
1016 60.86
1017 60.37
1019 60.37
1020 59.88
1021 61.83
1022 59.40
1023 59.88
1025 60.86
1026 59.88
1027 60.86
1028 61.34
1030 60.37
1031 60.37
1032 60.37
1033 60.86
1035 60.37
1036 61.34
1037 61.34
1038 60.86
1040 60.86
1041 61.34
1042 61.34
1043 61.34
1044 61.34
1046 59.88
1047 60.86
1048 59.88
1049 59.40
1051 60.37
1052 60.37
1053 60.37
1054 60.86
1056 60.37
1057 60.86
1058 60.86
1059 60.37
1061 61.34
1062 60.86
1063 60.86
1064 61.83
1065 60.86
1066 60.86
1068 60.86
1069 59.88
1070 60.37
1071 60.86
1073 60.37
1074 59.88
1075 60.86
1076 60.86
1077 61.34
1079 60.37
1080 60.37
1081 60.37
1082 59.88
1084 59.88
1085 61.34
1086 61.34
1087 59.88
1088 59.88
1090 60.86
1091 61.34
1092 60.86
1093 60.86
1095 60.37
1096 60.37
1097 59.88
1098 61.34
1099 60.37
1101 60.37
1102 60.37
1103 60.86
1104 60.37
1106 61.34
1107 59.40
1108 59.40
1111 59.40
1112 58.91
1113 58.42
1117 57.93
1118 60.37
1120 59.40
1121 59.88
1122 59.40
1123 60.86
1125 60.37
1126 60.37
1127 60.37
1128 59.88
1130 59.40
1131 60.37
1132 59.88
1133 58.91
1135 60.86
1136 60.37
1137 60.37
1138 61.34
1139 60.37
1141 60.37
1142 60.86
1143 61.83
1144 60.37
1146 59.88
1147 60.86
1148 60.86
1149 60.37
1151 60.37
1152 60.86
1153 61.34
1154 60.37
1156 60.37
1157 60.86
1158 60.37
1159 60.37
1161 60.37
1162 60.86
1163 60.37
1164 60.37
1166 60.37
1167 60.37
1168 60.86
1169 60.37
1171 60.86
1172 60.37
1173 61.34
1174 60.86
1175 60.86
1177 61.34
1178 60.37
1179 59.40
1180 59.40
1186 59.40
1188 59.40
1189 59.88
1190 59.40
1191 59.88
1193 59.40
1194 59.40
1195 59.88
1196 59.88
1198 61.34
1199 60.37
1200 60.86
1201 61.34
1203 60.37
1204 59.88
1205 60.37
1206 60.37
1207 60.86
1209 60.86
1210 60.37
1211 60.86
1212 60.86
1214 59.88
1215 60.37
1216 60.37
1217 60.86
1219 60.86
1220 61.34
1221 61.34
1222 60.86
1224 60.86
1225 60.86
1226 61.83
1227 60.37
1228 60.86
1230 60.86
1231 60.86
1232 60.86
1233 60.86
1235 60.37
1236 61.83
1237 61.34
1238 61.83
1240 61.34
1241 60.86
1242 60.37
1243 60.86
1245 60.86
1246 60.86
1247 60.37
1248 60.86
1250 61.34
1251 60.37
1252 60.86
1253 60.37
1254 60.86
1256 60.86
1257 60.86
1258 61.34
1259 60.37
1261 60.86
1262 60.86
1263 60.86
1264 60.37
1266 59.88
1267 60.86
1268 60.86
1269 60.86
1271 60.86
1272 60.37
1273 59.88
1274 59.88
1275 60.37
1277 60.86
1278 60.37
1279 60.37
1280 61.34
1282 60.86
1283 60.86
1284 60.37
1285 60.86
1287 60.86
1288 60.86
1289 60.86
1290 60.37
1291 60.86
1293 59.88
1294 60.86
1295 60.86
1296 60.86
1298 61.34
1299 61.34
1300 60.37
1301 60.37
1302 60.37
1304 60.86
1305 61.34
1306 61.34
1307 59.88
1309 61.83
1310 60.86
1311 61.83
1312 60.37
1313 60.86
1315 60.86
1316 60.37
1317 61.83
1318 60.37
1320 61.34
1321 60.37
1322 60.37
1323 59.88
1325 62.32
1326 61.34
1327 60.37
1328 60.86
1329 61.34
1331 61.34
1332 61.83
1333 60.86
1334 61.34
1336 61.34
1337 60.86
1338 60.86
1339 60.37
1341 61.83
1342 61.34
1343 61.34
1344 61.83
1346 61.34
1347 61.34
1348 60.86
1349 60.86
1350 61.83
1352 60.86
1353 60.86
1354 60.37
1355 61.34
1357 59.88
1358 61.34
1359 61.83
1360 61.34
1362 61.34
1363 61.34
1364 60.86
1365 60.86
1367 61.34
1368 61.34
1369 60.86
1370 61.34
1372 61.34
1373 60.86
1374 60.37
1375 60.86
1377 61.34
1378 60.86
1379 59.88
1380 61.34
1381 61.34
1383 61.34
1384 60.86
1385 61.83
1386 59.88
1388 61.83
1389 60.86
1390 60.37
1391 61.83
1393 61.34
1394 61.83
1395 60.86
1396 60.86
1397 61.83
1399 61.34
1400 61.83
1401 61.34
1402 61.34
1404 61.83
1405 61.83
1406 60.86
1407 60.86
1409 61.34
1410 60.86
1411 61.83
1412 61.34
1414 61.83
1415 60.86
1416 60.86
1417 61.83
1418 60.37
1420 61.34
1421 60.37
1425 59.88
1426 58.91
1431 59.88
1432 59.88
1433 60.86
1435 60.86
1436 60.86
1437 60.86
1438 59.88
1440 61.34
1441 60.86
1442 61.34
1443 61.34
1445 60.86
1446 61.34
1447 61.83
1448 61.34
1450 62.32
1451 60.37
1452 61.34
1453 60.86
1454 60.86
1456 61.34
1457 61.83
1458 60.37
1459 61.83
1461 61.83
1462 60.86
1463 62.32
1464 61.34
1466 61.34
1467 61.34
1468 61.83
1469 61.34
1471 60.86
1472 60.37
1473 62.32
1474 60.86
1475 61.34
1477 63.78
1478 62.32
1479 62.80
1480 62.80
1481 64.27
1483 64.75
1484 65.24
1485 66.21
1486 66.21
1487 67.19
1488 67.19
1490 68.16
1491 67.67
1492 67.67
1493 68.16
1494 68.16
1495 67.67
1497 65.73
1499 67.19
1500 66.70
1501 68.16
1502 68.65
1504 67.67
1505 68.65
1506 68.65
1507 69.14
1508 68.16
1509 69.62
1511 69.14
1512 69.62
1513 66.70
1514 66.21
1516 68.16
1517 66.70
1518 66.21
1519 65.73
1520 65.73
1522 65.24
1523 64.75
1524 66.70
1525 66.70
1526 66.70
1528 66.21
1529 66.21
1530 66.21
1531 65.24
1532 64.75
1534 65.73
1535 66.21
1536 65.73
1537 64.75
1539 65.24
1540 66.70
1541 65.73
1542 66.70
1543 64.75
1545 67.19
1546 66.70
1547 67.67
1548 68.16
1549 68.16
1551 68.65
1552 68.16
1553 66.70
1554 66.70
1556 68.16
1557 68.16
1558 69.14
1559 68.16
1560 69.62
1561 69.62
1562 68.16
1564 67.67
1565 66.21
1566 67.19
1567 66.21
1569 66.21
1570 67.67
1571 66.70
1572 66.21
1573 64.75
1574 60.86
1581 64.27
1582 65.73
1584 65.24
1585 66.70
1586 67.67
1587 68.16
1588 67.67
1589 66.70
1591 65.73
1592 66.21
1593 66.70
1594 66.21
1595 66.70
1597 65.73
1598 67.19
1599 66.70
1600 65.24
1602 66.21
1603 66.70
1604 66.21
1605 65.24
1606 65.24
1608 65.73
1609 64.75
1610 64.27
1611 63.78
1613 64.75
1614 64.75
1615 64.75
1616 65.73
1618 65.24
1619 63.78
1620 64.27
1621 64.75
1622 63.29
1625 62.80
1626 62.80
1628 62.80
1629 62.80
1630 63.29
1631 62.32
1633 63.29
1634 63.29
1636 62.80
1637 63.29
1638 61.34
1642 62.32
1644 63.29
1645 61.83
1646 63.29
1647 62.80
1649 62.80
1650 61.83
1651 62.80
1652 62.80
1654 64.27
1655 62.80
1656 64.27
1657 62.80
1659 62.32
1660 62.80
1661 63.78
1662 63.29
1664 63.29
1665 62.32
1666 63.78
1667 64.27
1669 62.32
1670 61.83
1671 63.29
1672 62.80
1673 62.80
1675 63.78
1676 62.80
1677 63.29
1678 63.29
1680 64.27
1681 63.29
1682 63.29
1683 63.29
1685 62.32
1686 62.80
1687 63.29
1688 63.78
1690 63.78
1691 62.80
1692 63.29
1693 63.29
1695 63.29
1696 63.29
1697 62.32
1698 63.29
1700 62.32
1701 62.80
1702 62.32
1703 63.78
1704 63.78
1705 60.86
1714 61.34
1716 61.34
1717 61.34
1719 61.83
1720 62.80
1721 62.80
1722 62.32
1724 62.32
1725 63.29
1726 62.80
1727 63.29
1729 63.29
1730 62.80
1731 62.32
1732 63.78
1733 62.80
1735 63.29
1736 63.29
1737 63.29
1738 61.83
1740 63.78
1741 63.29
1742 63.29
1743 62.80
1745 62.80
1746 63.29
1747 62.32
1748 62.80
1750 62.80
1751 63.29
1752 63.29
1753 63.29
1755 63.29
1756 62.80
1757 63.29
1758 63.29
1760 63.29
1761 62.80
1762 62.80
1763 63.29
1765 62.80
1766 62.32
1767 62.80
1768 63.78
1770 63.29
1771 62.80
1772 63.29
1773 62.80
1775 62.32
1776 61.83
1778 62.32
1779 62.32
1780 62.80
1781 63.29
1788 62.32
1789 61.34
1790 61.83
1792 61.83
1793 63.29
1794 63.29
1795 62.32
1797 63.29
1798 62.32
1799 62.80
1800 62.80
1802 61.83
1803 62.80
1804 62.80
1805 62.80
1807 63.78
1808 63.78
1809 63.29
1810 62.32
1812 62.80
1813 62.32
1814 62.80
1815 62.80
1817 63.29
1818 62.80
1819 62.32
1820 63.78
1821 63.29
1823 62.80
1824 63.78
1825 62.80
1826 62.80
1828 63.29
1829 63.29
1830 63.29
1831 63.78
1833 63.29
1834 63.78
1835 63.29
1836 62.32
1838 63.29
1839 64.27
1840 63.29
1841 63.78
1843 62.32
1844 63.29
1845 62.80
1846 62.80
1847 62.80
1849 62.80
1850 62.80
1851 63.29
1852 62.32
1854 62.80
1855 64.27
1856 63.78
1857 62.80
1859 63.29
1860 62.80
1861 63.29
1862 63.78
1864 63.29
1865 63.29
1866 63.78
1867 63.78
1869 63.78
1870 63.78
1871 64.27
1872 63.29
1874 61.83
1875 62.80
1876 62.80
1877 62.80
1879 63.29
1880 62.32
1881 64.75
1882 62.32
1884 62.32
1885 62.80
1886 63.78
1887 63.29
1889 63.29
1890 63.78
1891 62.80
1892 63.29
1894 62.32
1895 63.29
1896 63.78
1897 63.29
1899 63.29
1900 63.78
1901 64.27
1902 64.27
1904 63.29
1905 63.78
1906 63.29
1907 62.80
1908 63.78
1910 63.29
1911 63.78
1912 62.80
1913 61.83
1918 61.83
1919 62.32
1920 62.80
1921 62.80
1923 62.32
1924 63.29
1925 63.29
1926 62.32
1928 62.32
1929 62.80
1930 62.80
1931 61.83
1933 62.80
1934 62.32
1935 63.29
1936 63.29
1938 63.78
1939 62.80
1940 63.29
1941 62.80
1942 63.78
1944 62.80
1945 63.29
1946 62.80
1948 63.29
1949 63.78
1950 62.80
1951 64.27
1952 63.29
1954 63.78
1955 62.80
1956 63.29
1957 63.29
1959 63.29
1960 63.78
1961 63.29
1962 63.78
1964 63.78
1965 62.80
1966 63.78
1967 63.78
1969 63.29
1970 63.29
1971 63.78
1972 63.29
1973 63.78
1975 62.32
1976 62.32
1977 61.34
1978 62.32
1979 61.34
1983 62.80
1984 62.32
1985 61.83
1987 61.83
1989 62.80
1990 62.32
1991 62.80
1992 62.32
1994 61.34
1995 62.32
1996 62.32
1997 62.32
1999 62.32
2000 63.29
2001 63.29
2002 62.32
2003 63.78
2005 63.29
2006 63.78
2007 63.29
2008 63.78
2010 63.29
2011 62.32
2012 62.80
2013 61.83
2015 63.29
2016 63.29
2017 63.78
2018 63.29
2020 62.80
2021 63.78
2022 63.78
2023 63.29
2025 63.78
2026 64.27
2027 62.80
2028 62.80
2029 63.78
2031 63.29
2032 63.29
2033 63.29
2034 62.80
2036 62.80
2037 63.78
2038 63.29
2039 64.75
2041 62.80
2042 63.29
2043 64.27
2044 63.78
2046 63.29
2047 62.80
2049 62.80
2051 63.78
2052 62.80
2053 64.27
2054 64.27
2056 63.78
2057 63.29
2058 63.29
2059 62.80
2061 62.32
2062 63.78
2063 62.32
2064 62.80
2065 64.27
2067 62.32
2068 63.78
2069 64.27
2070 63.78
2071 63.78
2073 63.78
2074 64.27
2075 63.78
2076 63.78
2078 63.78
2079 62.32
2080 63.78
2081 64.27
2083 62.32
2085 62.80
2086 63.78
2087 63.29
2088 63.29
2089 63.29
2091 63.78
2092 63.78
2093 64.27
2094 63.78
2096 62.32
2097 63.78
2098 64.75
2099 63.29
2101 63.78
2102 63.78
2103 64.27
2104 64.75
2106 64.27
2107 63.29
2108 64.27
2109 63.29
2110 63.29
2112 63.78
2113 62.32
2114 62.80
2115 63.78
2116 63.78
2118 63.78
2119 63.29
2120 63.78
2121 63.78
2123 64.27
2124 63.78
2125 63.29
2126 63.78
2128 63.78
2129 63.78
2130 63.78
2131 64.27
2133 63.29
2134 62.32
2135 63.78
2136 64.27
2138 63.78
2139 63.78
2140 62.80
2141 62.80
2143 63.78
2144 63.78
2145 64.75
2146 63.29
2147 63.78
2149 64.27
2150 64.27
2151 63.78
2152 63.78
2155 63.78
2156 64.27
2157 64.75
2159 64.27
2160 64.75
2161 63.29
2162 63.29
2164 63.29
2165 63.78
2166 63.78
2167 63.78
2168 63.78
2170 63.78
2171 62.32
2172 63.78
2173 64.27
2175 63.29
2176 63.78
2177 63.78
2178 63.78
2179 63.29
2181 64.27
2182 62.80
2183 64.27
2184 63.29
2186 63.29
2187 63.78
2188 63.29
2189 64.75
2190 63.78
2192 64.27
2193 63.78
2194 62.80
2195 64.27
2197 63.29
2198 63.78
2199 63.78
2200 63.78
2202 63.78
2203 63.78
2204 63.78
2205 63.29
2207 63.29
2208 63.29
2209 64.27
2210 63.29
2211 64.27
2213 63.29
2214 62.80
2215 63.78
2216 63.78
2217 63.29
2219 64.27
2220 63.78
2221 63.29
2222 64.27
2224 63.78
2225 64.27
2226 63.78
2227 63.78
2229 63.78
2230 64.27
2231 63.78
2232 64.27
2234 64.27
2235 63.78
2236 63.78
2237 64.75
2238 63.29
2240 63.29
2241 63.78
2242 64.27
2243 63.29
2245 63.78
2246 65.24
2247 63.78
2248 63.78
2250 64.27
2251 63.29
2252 62.80
2253 63.29
2255 63.78
2256 63.78
2257 63.29
2258 62.80
2260 63.78
2261 64.27
2262 63.29
2263 65.24
2265 64.27
2266 62.80
2267 63.78
2268 63.78
2269 63.78
2271 63.29
2274 62.80
2276 62.80
2277 63.78
2278 63.29
2279 63.78
2281 63.78
2282 64.27
2283 63.78
2284 62.80
2286 64.27
2287 64.27
2288 63.29
2289 63.78
2290 63.29
2292 64.27
2293 63.78
2294 64.75
2295 63.78
2297 63.29
2298 63.78
2299 63.78
2300 63.78
2301 63.78
2303 63.29
2304 63.78
2305 63.78
2306 63.78
2308 63.78
2309 63.78
2310 63.78
2311 62.80
2313 63.78
2314 64.27
2315 63.29
2316 63.29
2318 63.78
2319 63.29
2320 63.78
2321 64.27
2322 63.78
2324 62.80
2325 63.29
2326 63.78
2327 63.29
2329 63.78
2330 64.27
2331 63.29
2333 63.78
2334 63.78
2335 64.27
2336 64.75
2337 64.27
2339 62.80
2340 63.78
2341 64.75
2342 63.29
2344 64.27
2345 64.27
2346 63.78
2347 64.27
2349 63.78
2350 63.78
2351 63.29
2352 63.29
2354 64.27
2355 63.29
2356 63.29
2357 63.29
2358 64.75
2360 63.78
2361 64.27
2362 64.27
2363 64.27
2364 61.83
2366 62.80
2367 63.78
2368 64.27
2369 64.27
2371 62.80
2372 62.80
2373 62.80
2375 63.29
2376 64.27
2377 65.24
2378 62.80
2379 63.78
2381 64.75
2382 63.29
2383 63.78
2384 63.78
2385 63.29
2387 64.27
2388 63.78
2389 64.27
2390 64.27
2392 63.78
2393 64.27
2394 63.29
2395 63.78
2397 64.75
2398 63.29
2399 63.78
2400 63.78
2402 63.78
2404 63.78
2405 63.78
2406 63.78
2407 64.27
2408 63.78
2410 64.75
2411 63.78
2412 64.75
2413 63.78
2415 64.27
2416 63.78
2417 63.78
2418 64.27
2420 64.27
2421 64.27
2422 63.29
2423 63.78
2425 62.80
2426 63.29
2427 62.80
2428 63.29
2430 63.78
2431 64.75
2432 64.27
2433 63.29
2435 63.78
2436 63.78
2437 63.78
2438 64.27
2440 63.78
2441 64.27
2442 63.29
2444 63.78
2445 64.27
2447 63.29
2448 63.78
2449 63.78
2450 63.78
2452 64.75
2453 63.78
2454 63.78
2455 63.78
2457 64.75
2458 63.78
2459 64.27
2460 63.78
2462 63.78
2463 64.27
2464 64.27
2465 63.29
2466 64.27
2468 64.27
2469 64.27
2470 62.80
2471 63.29
2473 63.78
2474 64.27
2475 63.29
2476 64.27
2478 63.78
2479 63.78
2480 63.29
2481 64.27
2483 63.29
2484 63.78
2485 64.27
2486 64.27
2488 63.29
2489 63.78
2490 63.78
2491 64.27
2492 63.78
2494 63.78
2495 63.29
2496 62.80
2497 64.75
2499 64.75
2500 63.29
2501 63.78
2502 64.27
2504 63.29
2505 63.78
2506 63.78
2507 63.78
2508 64.27
2510 64.27
2511 63.29
2512 63.78
2513 64.27
2515 64.27
2516 64.27
2517 63.29
2518 63.29
2520 63.29
2521 63.29
2522 62.80
2523 63.29
2525 63.29
2526 63.78
2527 63.78
2528 64.75
2530 63.78
2531 63.78
2532 63.29
2533 64.75
2534 63.78
2536 63.78
2537 64.75
2538 64.27
2539 62.80
2541 63.78
2542 64.27
2543 62.80
2544 63.78
2546 63.29
2547 63.78
2548 63.78
2549 63.78
2552 63.78
2553 63.29
2555 62.80
2558 62.80
2560 62.32
2561 63.29
2562 62.32
2563 63.29
2565 63.29
2567 64.27
2568 63.78
2569 63.78
2570 63.29
2572 63.29
2573 64.27
2574 64.27
2575 63.78
2577 62.80
2578 64.27
2579 63.78
2580 63.78
2582 63.78
2583 63.29
2584 64.27
2585 64.27
2587 64.27
2588 64.27
2589 64.27
2590 63.29
2591 63.78
2593 64.27
2594 63.29
2595 63.78
2596 63.29
2598 63.78
2599 63.29
2600 64.75
2601 63.78
2603 63.78
2604 64.75
2605 63.78
2606 64.27
2608 62.80
2609 62.80
2610 64.75
2611 64.75
2613 64.75
2614 64.27
2615 63.78
2616 63.78
2617 64.75
2619 64.75
2620 64.75
2621 64.27
2623 65.73
2624 63.78
2625 63.78
2626 63.78
2628 64.27
2629 64.27
2630 64.27
2631 63.78
2633 63.78
2634 63.78
2635 63.78
2636 63.29
2637 64.75
2639 64.27
2640 64.27
2641 64.75
2642 63.78
2644 63.78
2645 64.27
2646 64.75
2647 64.27
2649 63.78
2650 63.78
2651 64.27
2652 63.78
2654 63.78
2655 63.78
2656 63.78
2657 63.78
2659 63.78
2660 64.75
2661 64.27
2662 64.75
2663 63.78
2665 63.29
2666 64.75
2667 64.27
2668 64.27
2670 63.78
2671 63.78
2672 64.75
2673 64.75
2675 64.27
2676 63.78
2677 64.27
2678 63.29
2680 63.78
2681 64.27
2682 64.27
2683 64.75
2685 64.27
2686 63.29
2687 63.78
2688 64.75
2689 63.78
2691 64.27
2692 64.27
2693 63.78
2695 64.27
2696 64.27
2697 63.29
2698 63.29
2699 64.75
2701 63.29
2702 62.80
2703 62.80
2704 62.80
2708 61.83
2709 63.29
2711 63.29
2712 63.29
2714 62.80
2715 62.80
2716 63.29
2717 64.27
2719 64.27
2720 64.27
2721 63.78
2722 63.78
2724 63.78
2725 64.27
2726 64.27
2727 63.78
2729 64.75
2730 63.78
2731 64.27
2732 63.78
2733 63.78
2735 63.78
2736 63.78
2737 64.27
2738 64.75
2740 64.75
2741 64.27
2742 64.27
2743 64.27
2745 64.75
2746 63.78
2747 64.27
2748 64.27
2750 63.78
2751 64.27
2752 64.27
2753 63.78
2755 63.29
2756 64.27
2757 64.27
2758 64.75
2760 63.78
2761 64.27
2762 64.75
2763 63.78
2764 63.78
2766 63.29
2767 64.75
2768 64.27
2769 63.29
2771 63.78
2772 64.27
2773 63.78
2774 64.27
2776 63.78
2777 63.29
2778 64.75
2779 63.78
2781 64.27
2782 64.75
2783 64.27
2784 65.24
2786 64.75
2787 64.75
2788 63.78
2789 64.27
2790 63.78
2792 64.27
2793 63.78
2794 63.29
2795 62.80
2796 61.83
2802 61.83
2803 62.80
2804 63.29
2805 62.80
2807 62.80
2808 62.80
2809 63.29
2810 63.78
2812 63.29
2813 62.80
2814 65.24
2815 63.78
2817 63.29
2818 64.27
2819 63.29
2820 64.27
2822 62.80
2823 63.78
2824 63.29
2825 63.78
2827 64.27
2828 64.27
2829 64.27
2830 63.29
2832 63.78
2833 64.27
2834 63.78
2835 63.78
2837 63.78
2838 63.78
2839 62.80
2840 64.27
2842 64.27
2843 64.27
2844 64.27
2845 64.75
2847 64.27
2848 63.78
2849 63.78
2850 63.29
2852 64.27
2853 63.78
2854 63.78
2855 63.78
2857 63.78
2858 63.78
2859 63.78
2860 64.75
2862 63.78
2863 62.80
2864 63.78
2865 64.27
2867 64.27
2868 63.78
2869 65.24
2870 63.29
2872 63.29
2873 64.27
2874 63.78
2875 63.78
2876 64.27
2878 63.78
2879 63.78
2880 63.78
2881 63.78
2883 64.27
2884 63.78
2885 64.27
2886 64.27
2889 63.29
2890 63.78
2891 63.29
2892 63.29
2894 62.32
2895 63.29
2897 63.78
2898 63.29
2899 63.29
2901 63.29
2902 64.27
2904 63.78
2905 63.78
2906 63.78
2908 63.78
2909 63.78
2910 63.78
2911 65.24
2913 62.80
2914 64.27
2915 64.27
2916 65.73
2917 64.75
2919 64.27
2920 62.80
2921 64.27
2922 63.78
2924 62.80
2925 65.24
2926 64.75
2927 64.27
2929 65.24
2930 64.75
2931 64.27
2932 64.75
2934 64.27
2935 63.29
2936 64.27
2937 63.78
2939 65.24
2940 64.27
2941 63.78
2942 64.75
2944 64.75
2945 64.27
2946 63.78
2947 64.27
2949 64.27
2950 64.27
2951 64.75
2952 64.27
2954 63.29
2955 63.78
2956 64.75
2957 64.27
2958 64.27
2960 64.75
2961 64.75
2962 63.78
2963 64.27
2965 63.78
2966 64.27
2967 64.75
2968 64.27
2970 63.78
2971 64.27
2972 64.75
2973 64.75
2975 64.75
2976 65.24
2977 64.27
2978 64.75
2980 64.27
2981 65.24
2982 64.27
2983 63.78
2985 64.27
2986 64.27
2987 64.75
2988 64.75
2989 63.78
2991 65.24
2992 64.75
2993 64.27
2994 64.27
2996 63.78
2997 64.75
2998 63.78
2999 63.78
3000 64.27
3002 64.27
3003 65.24
3004 64.75
3005 65.24
3007 65.24
3008 64.27
3009 64.75
3010 64.27
3012 63.29
3013 65.24
3014 64.75
3015 64.27
3017 64.27
3018 64.27
3019 64.75
3020 64.27
3021 64.27
3023 64.75
3024 64.27
3025 64.27
3026 65.24
3028 64.27
3029 64.27
3030 64.75
3031 64.27
3033 64.27
3034 65.24
3035 63.29
3036 65.24
3038 64.27
3039 64.27
3040 64.75
3041 64.27
3043 64.75
3044 63.29
3045 64.75
3046 64.75
3047 64.27
3049 63.29
3050 64.27
3051 64.75
3053 64.27
3054 64.27
3055 63.78
3056 64.75
3057 65.73
3059 64.27
3060 64.27
3061 64.27
3062 64.27
3064 64.75
3065 64.75
3066 63.78
3067 63.78
3069 63.29
3070 63.78
3071 65.24
3072 64.75
3074 64.27
3075 64.75
3076 64.75
3077 63.29
3078 64.27
3080 63.78
3081 64.75
3082 64.27
3083 64.75
3085 64.27
3086 63.29
3087 64.27
3088 64.75
3090 65.24
3091 64.27
3092 64.75
3093 64.75
3095 64.75
3096 64.27
3097 64.27
3098 63.78
3099 64.27
3101 63.78
3102 64.75
3103 63.78
3104 64.27
3106 63.78
3107 63.29
3108 63.78
3109 64.27
3111 63.78
3112 64.75
3113 64.27
3114 64.27
3116 63.29
3117 63.78
3118 64.75
3119 64.27
3120 64.75
3122 63.78
3123 64.75
3124 64.75
3125 64.27
3127 64.27
3128 64.75
3129 64.27
3130 64.27
3132 62.80
3133 63.78
3134 64.75
3135 63.78
3136 63.78
3139 64.27
3140 62.80
3141 64.27
3142 63.78
3144 64.27
3145 64.27
3146 64.27
3147 63.29
3149 63.78
3150 65.24
3151 64.27
3152 63.78
3154 64.75
3155 64.27
3156 63.78
3157 64.27
3158 63.78
3160 64.27
3161 64.27
3162 64.75
3163 64.27
3165 63.78
3166 65.73
3167 64.27
3168 64.27
3170 64.75
3171 65.24
3172 64.27
3173 64.75
3175 64.75
3176 65.24
3177 64.27
3178 64.75
3179 63.78
3181 64.27
3182 65.73
3183 64.75
3184 64.75
3186 64.27
3187 65.24
3188 63.29
3189 64.75
3190 64.75
3192 64.27
3193 63.78
3194 64.27
3195 65.24
3196 63.78
3198 64.27
3199 63.29
3200 64.27
3201 64.75
3203 64.27
3204 64.75
3205 63.78
3206 64.75
3208 64.75
3209 64.27
3210 64.27
3211 63.78
3213 64.75
3214 64.27
3215 64.27
3216 63.78
3218 64.27
3219 63.29
3220 63.78
3221 63.78
3223 63.78
3224 64.75
3225 63.78
3226 64.27
3227 63.78
3229 64.75
3230 64.75
3231 64.27
3232 64.75
3234 64.27
3235 64.27
3236 64.27
3237 64.75
3239 65.24
3240 63.78
3241 64.75
3242 64.27
3244 64.27
3245 63.29
3246 63.78
3247 63.29
3249 65.24
3250 64.27
3251 64.27
3252 63.78
3254 65.73
3258 66.21
3259 66.70
3260 68.16
3262 67.67
3263 67.19
3264 67.67
3265 66.21
3266 66.21
3268 68.16
3269 68.16
3270 66.70
3271 66.70
3272 65.24
3273 67.67
3275 64.75
3277 65.24
3278 65.24
3279 62.32
3282 66.21
3283 68.16
3284 63.78
3288 67.19
3289 66.21
3292 66.70
3293 67.19
3294 66.70
3295 64.27
3299 67.19
3301 68.16
3302 68.65
3303 68.65
3304 70.11
3305 70.11
3306 69.14
3308 70.11
3309 69.62
3310 71.08
3311 72.06
3312 72.06
3313 72.06
3315 72.06
3316 71.08
3317 70.60
3318 72.06
3319 71.57
3320 72.54
3321 72.06
3323 71.08
3324 72.06
3325 72.06
3326 72.54
3327 71.57
3328 73.03
3330 71.57
3331 69.14
3332 67.19
3335 69.62
3336 69.62
3337 70.60
3338 70.11
3339 71.57
3341 71.08
3342 72.06
3343 71.57
3344 71.57
3345 72.06
3346 72.54
3348 72.54
3349 73.52
3350 73.03
3351 73.03
3352 72.06
3353 73.03
3355 69.62
3357 70.11
3358 70.11
3359 66.70
3362 70.11
3363 69.14
3364 71.08
3366 71.57
3367 71.57
3368 71.57
3370 71.57
3371 72.54
3372 73.03
3373 72.06
3374 73.52
3375 73.03
3377 72.54
3378 73.52
3379 73.03
3380 73.52
3381 72.54
3382 73.52
3384 74.49
3385 72.54
3386 73.52
3387 72.06
3388 74.49
3389 74.01
3391 72.54
3392 74.01
3393 73.52
3394 74.49
3395 74.49
3396 72.54
3398 73.03
3399 73.03
3400 70.60
3402 73.03
3404 71.08
3405 71.57
3406 72.54
3407 73.52
3408 73.03
3409 74.01
3410 72.54
3412 73.52
3413 73.52
3414 73.52
3415 73.52
3416 73.03
3417 73.52
3419 72.54
3420 74.49
3421 73.52
3422 74.01
3423 74.01
3425 70.60
3428 72.06
3429 72.54
3430 73.03
3431 74.49
3432 73.03
3433 74.01
3435 74.49
3436 74.01
3437 73.03
3438 73.52
3439 74.01
3441 73.52
3442 74.49
3443 73.03
3444 73.52
3445 73.52
3446 74.01
3448 74.01
3449 74.49
3450 72.06
3451 74.01
3453 74.49
3454 73.03
3455 74.01
3456 73.52
3457 73.52
3459 74.49
3460 72.54
3462 74.01
3463 74.01
3464 74.98
3465 74.01
3466 74.98
3467 74.49
3469 74.98
3470 74.98
3471 74.01
3472 73.52
3473 74.98
3475 74.98
3476 74.98
3477 74.49
3478 74.49
3479 74.01
3480 74.49
3482 75.95
3483 75.47
3484 74.49
3485 73.52
3487 74.01
3488 74.01
3489 74.49
3491 74.98
3492 74.49
3493 74.49
3494 74.98
3495 74.98
3496 74.01
3498 74.98
3499 74.98
3500 74.01
3501 74.49
3502 74.49
3503 75.47
3505 74.49
3506 74.98
3507 74.98
3508 75.47
3509 75.47
3510 74.49
3512 75.47
3513 74.01
3514 75.47
3515 74.98
3516 74.49
3517 75.95
3518 75.47
3520 76.44
3521 74.98
3522 75.47
3523 75.95
3524 76.44
3525 75.95
3527 75.47
3529 74.98
3530 74.49
3531 73.52
3532 74.49
3534 73.52
3535 74.98
3536 74.98
3537 75.95
3538 74.98
3539 75.47
3541 74.98
3542 74.98
3543 75.95
3544 75.47
3545 76.44
3546 75.95
3548 75.95
3549 74.98
3550 75.95
3551 75.95
3552 75.47
3553 75.95
3555 75.47
3556 75.95
3557 76.93
3558 75.95
3559 75.47
3560 75.47
3562 75.95
3563 76.44
3564 75.95
3565 75.47
3566 75.95
3567 75.95
3569 75.95
3570 75.95
3571 75.47
3572 76.44
3574 75.47
3575 75.95
3576 75.47
3577 75.95
3578 75.47
3579 75.47
3581 75.95
3582 75.47
3583 76.44
3584 75.95
3585 76.44
3587 76.93
3588 75.47
3589 75.95
3590 75.47
3591 76.93
3592 74.98
3594 75.95
3595 76.44
3596 76.44
3597 75.95
3598 75.95
3599 76.44
3600 74.98
3602 75.95
3603 76.44
3604 75.95
3605 75.95
3606 75.47
3607 76.44
3609 76.93
3610 76.93
3611 75.95
3612 76.44
3613 75.95
3614 76.44
3616 76.44
3617 75.47
3618 75.95
3619 76.93
3620 76.44
3621 75.95
3623 75.95
3624 76.44
3625 76.93
3626 76.44
3627 76.44
3628 74.98
3629 71.57
3632 73.52
3633 73.03
3634 70.60
3636 73.03
3637 73.03
3638 74.49
3639 74.49
3641 74.01
3642 73.52
3643 75.95
3644 75.95
3645 74.01
3646 75.47
3648 75.47
3649 75.47
3650 75.95
3651 76.44
3652 76.93
3653 75.47
3654 75.95
3656 74.98
3657 75.47
3658 75.47
3659 74.98
3660 76.44
3662 76.44
3663 77.41
3664 75.47
3665 76.93
3666 75.95
3667 76.44
3669 76.44
3670 75.95
3671 76.93
3672 76.93
3673 75.47
3674 71.57
3677 73.52
3679 72.54
3680 70.11
3683 71.57
3684 71.08
3685 68.16
3690 68.16
3694 68.65
3695 70.11
3696 71.08
3697 72.06
3698 73.03
3699 73.03
3700 73.03
3702 74.01
3703 73.03
3704 74.01
3705 74.49
3706 74.49
3707 74.98
3709 74.98
3710 75.47
3711 74.49
3712 74.49
3713 74.98
3714 75.47
3716 74.49
3717 75.47
3718 75.47
3719 74.98
3720 75.95
3721 74.49
3723 76.44
3724 75.95
3725 75.95
3726 74.49
3727 75.95
3728 75.47
3730 75.95
3731 75.95
3732 76.44
3733 75.47
3734 75.47
3735 74.98
3737 75.47
3738 75.47
3739 74.49
3740 75.47
3741 75.47
3742 75.47
3744 76.44
3745 76.93
3746 75.95
3747 75.95
3748 75.47
3749 76.44
3750 75.47
3752 75.95
3753 75.95
3754 74.98
3755 75.47
3756 75.95
3757 75.47
3759 76.44
3760 75.95
3761 76.93
3762 76.44
3763 76.93
3765 74.98
3766 75.47
3767 75.47
3768 75.47
3769 76.93
3770 76.44
3771 76.93
3772 75.95
3774 76.44
3775 76.44
3776 75.47
3777 72.54
3779 74.98
3781 75.95
3782 72.54
3783 74.49
3785 74.49
3786 74.98
3787 74.98
3788 74.49
3789 74.98
3790 75.95
3792 75.47
3793 75.47
3794 74.98
3795 76.44
3796 75.47
3797 75.95
3799 75.95
3800 76.44
3801 76.44
3802 74.49
3803 76.44
3805 76.44
3806 74.98
3807 75.95
3808 75.95
3809 75.95
3810 76.44
3812 75.95
3813 75.47
3814 75.95
3815 76.44
3816 75.47
3817 75.47
3819 75.95
3820 76.44
3821 76.44
3822 75.95
3823 75.95
3824 76.44
3826 76.93
3827 76.93
3828 76.44
3829 74.98
3830 74.01
3831 74.01
3832 75.95
3833 70.11
3836 73.52
3837 71.57
3838 71.57
3839 69.14
3842 72.54
3843 71.08
3844 69.14
3846 72.06
3847 72.06
3849 72.54
3850 74.49
3851 74.49
3852 74.01
3853 74.49
3854 74.49
3856 74.49
3857 74.98
3858 74.98
3859 74.01
3860 75.95
3861 75.95
3863 75.47
3864 75.95
3865 75.95
3866 75.47
3867 75.95
3868 75.95
3870 75.95
3871 75.47
3872 76.44
3873 75.95
3874 75.95
3875 75.95
3877 76.44
3878 75.95
3879 76.44
3880 76.93
3881 76.44
3882 75.47
3884 76.93
3885 76.44
3886 76.44
3887 75.47
3888 76.44
3889 75.95
3890 75.47
3892 75.47
3893 76.44
3894 75.95
3895 76.44
3896 76.93
3897 76.44
3899 75.95
3900 75.95
3901 76.93
3902 76.93
3903 76.93
3904 76.44
3906 76.44
3907 76.44
3908 75.95
3909 76.44
3910 76.44
3911 75.47
3913 75.95
3914 77.41
3915 76.93
3916 76.44
3917 76.44
3918 76.44
3920 76.44
3921 76.93
3922 76.93
3923 75.95
3924 75.95
3925 76.93
3927 76.93
3928 74.98
3929 75.95
3930 75.95
3931 76.44
3933 76.93
3934 75.95
3935 75.47
3936 77.41
3937 76.44
3938 75.95
3940 77.41
3941 77.41
3942 76.44
3943 76.93
3944 76.93
3945 76.93
3947 76.44
3948 76.44
3949 76.44
3950 76.93
3951 75.95
3952 76.44
3953 77.41
3955 76.93
3956 77.41
3957 76.44
3958 76.44
3959 76.93
3960 76.93
3962 75.95
3963 76.93
3964 76.44
3965 76.44
3966 75.95
3967 76.93
3969 76.44
3970 76.93
3971 75.95
3972 75.95
3973 76.44
3974 77.41
3976 75.95
3977 76.93
3978 76.93
3979 76.93
3980 76.93
3981 75.95
3983 76.93
3984 76.93
3985 77.41
3986 76.44
3987 75.47
3988 77.41
3989 76.93
3991 76.44
3992 75.95
3993 75.95
3994 76.44
3995 76.44
3997 76.44
3998 75.95
3999 75.95
4000 76.93
4001 77.41
4002 76.93
4003 75.95
4005 76.44
4006 76.44
4007 77.41
4008 76.93
4009 76.44
4010 76.44
4012 76.44
4013 75.95
4014 76.44
4015 75.95
4016 75.95
4017 76.93
4019 76.44
4020 75.47
4021 74.98
4022 74.49
4023 74.49
4024 74.98
4025 74.49
4026 74.01
4027 71.57
4029 73.52
4030 73.52
4031 73.52
4032 70.60
4034 72.54
4035 74.01
4036 74.49
4038 74.01
4039 74.49
4040 74.49
4041 74.49
4042 75.47
4043 74.98
4045 74.98
4046 75.95
4047 75.95
4048 74.98
4049 75.47
4050 76.44
4052 75.95
4053 76.44
4054 77.41
4055 76.44
4056 76.44
4057 76.44
4058 75.95
4060 75.95
4061 76.44
4062 76.93
4063 76.44
4064 76.44
4065 75.95
4067 76.44
4068 76.44
4069 74.98
4070 75.95
4071 75.95
4072 75.95
4073 76.93
4075 75.95
4076 76.93
4077 75.95
4078 76.44
4079 75.47
4080 73.52
4081 74.98
4082 70.11
4085 73.52
4086 73.52
4088 74.01
4089 74.98
4090 74.01
4091 74.01
4092 75.47
4093 75.47
4094 76.44
4096 75.47
4097 75.95
4098 74.98
4099 75.47
4100 74.98
4101 75.95
4103 74.98
4104 76.44
4105 75.95
4106 76.93
4107 75.95
4108 76.93
4110 74.98
4111 76.93
4112 76.44
4113 75.95
4114 76.93
4115 76.93
4117 75.95
4118 75.95
4119 75.95
4120 77.41
4121 76.44
4122 76.93
4124 77.41
4125 77.90
4126 76.93
4127 75.47
4128 77.41
4130 76.44
4131 76.44
4132 76.93
4133 76.93
4134 76.93
4135 75.95
4136 76.93
4138 76.93
4139 76.44
4140 75.47
4141 76.93
4142 76.93
4143 76.44
4145 75.95
4146 76.44
4147 76.44
4148 77.41
4149 77.41
4150 76.44
4152 76.93
4153 76.93
4154 76.93
4155 76.93
4156 76.93
4158 76.93
4159 76.44
4160 76.93
4161 75.95
4162 76.44
4163 76.93
4164 75.47
4166 75.47
4167 75.47
4168 74.49
4169 70.11
4173 72.54
4174 68.16
4180 70.11
4181 72.06
4183 72.06
4184 72.54
4185 74.01
4186 72.54
4187 74.98
4188 74.98
4190 74.49
4191 74.98
4192 74.98
4193 74.98
4194 74.49
4196 75.47
4197 75.95
4198 74.49
4199 74.01
4200 74.49
4201 75.95
4202 75.47
4204 74.98
4205 76.44
4206 74.98
4207 74.49
4208 74.98
4210 76.44
4211 75.47
4212 75.47
4213 74.98
4214 75.95
4215 75.47
4216 74.98
4217 73.03
4219 73.52
4220 72.06
4222 74.01
4223 73.03
4224 71.57
4226 72.06
4227 73.03
4228 73.52
4229 73.52
4230 70.60
4232 72.06
4233 71.57
4234 73.03
4235 73.03
4236 73.03
4238 73.03
4239 74.01
4240 75.47
4241 74.49
4242 74.49
4243 74.49
4244 74.98
4246 74.49
4247 74.01
4248 74.98
4249 74.98
4250 74.98
4251 74.49
4253 74.01
4254 75.47
4255 75.95
4256 74.98
4257 75.47
4258 75.95
4260 75.95
4261 75.95
4262 74.49
4263 75.95
4264 75.95
4265 75.95
4267 75.47
4268 76.93
4269 75.47
4270 74.98
4271 76.44
4272 75.47
4273 76.44
4275 76.44
4276 74.98
4277 75.95
4278 74.98
4279 76.93
4281 75.47
4282 75.47
4283 75.47
4284 75.47
4285 75.47
4286 76.44
4287 75.47
4289 75.95
4290 76.93
4291 75.47
4292 76.93
4293 76.93
4294 76.93
4296 75.95
4297 75.95
4298 76.93
4299 75.47
4300 75.95
4301 76.93
4303 75.47
4304 75.47
4305 75.47
4306 75.47
4307 76.44
4308 76.93
4309 76.44
4311 75.95
4312 75.95
4313 75.95
4314 76.93
4316 75.95
4317 77.41
4318 76.44
4319 74.98
4320 76.93
4321 75.95
4323 75.95
4324 76.44
4325 76.93
4326 75.95
4327 75.95
4328 75.95
4330 76.44
4331 75.95
4332 75.95
4333 76.44
4334 76.44
4335 76.93
4337 76.93
4338 75.95
4339 76.93
4340 76.93
4341 75.95
4342 76.93
4343 76.93
4345 75.47
4346 75.95
4347 77.41
4348 76.93
4349 77.41
4351 75.95
4352 76.93
4353 76.93
4354 75.95
4355 76.44
4356 76.44
4357 76.44
4359 74.98
4360 75.47
4361 76.93
4362 75.95
4363 76.44
4364 76.44
4365 75.95
4367 76.44
4368 76.93
4369 76.44
4370 75.47
4371 76.44
4372 76.44
4374 75.95
4375 75.95
4376 76.44
4377 76.93
4378 75.95
4380 76.93
4381 76.44
4382 75.95
4383 76.44
4384 76.44
4385 76.44
4387 76.44
4388 75.95
4389 76.44
4390 75.47
4391 76.44
4392 76.44
4394 76.44
4395 76.93
4396 76.44
4397 76.93
4398 75.47
4399 76.93
4401 76.93
4402 75.95
4403 76.93
4404 77.41
4405 76.93
4407 76.44
4408 76.44
4409 76.44
4410 76.93
4411 76.93
4412 76.44
4413 76.44
4415 75.95
4416 75.47
4417 76.44
4418 75.47
4419 75.95
4421 76.44
4422 76.44
4423 77.41
4424 76.93
4425 74.98
4426 75.47
4428 76.44
4429 75.95
4430 76.93
4431 75.47
4432 75.47
4433 76.44
4435 76.44
4436 76.93
4437 76.44
4438 76.93
4439 76.93
4440 76.44
4442 76.44
4443 76.93
4444 77.41
4445 76.44
4446 76.44
4447 76.93
4448 75.95
4450 74.49
4451 74.98
4452 74.98
4453 74.49
4455 75.47
4456 75.95
4457 75.47
4458 75.47
4459 76.44
4460 76.93
4462 76.93
4463 76.44
4464 76.93
4465 75.95
4466 76.93
4467 76.44
4468 76.93
4470 75.95
4471 75.95
4472 76.44
4473 75.95
4474 76.93
4475 76.44
4476 76.44
4478 77.41
4479 76.44
4480 75.47
4481 74.98
4482 75.95
4483 76.44
4484 76.44
4486 76.44
4487 76.44
4488 75.95
4489 76.44
4490 75.47
4491 74.98
4493 76.93
4494 76.93
4495 75.47
4496 76.44
4497 76.93
4498 75.47
4499 75.47
4501 75.47
4502 75.47
4503 75.95
4504 74.49
4506 75.47
4508 76.93
4509 75.95
4510 75.95
4511 75.95
4512 75.95
4513 75.47
4515 76.44
4516 76.93
4517 75.95
4518 76.44
4519 76.93
4520 76.93
4522 76.44
4523 76.93
4524 77.41
4525 76.44
4526 76.44
4528 77.41
4529 76.44
4530 74.01
4532 73.52
4533 73.03
4534 71.57
4535 69.62
4538 71.08
4539 71.57
4541 67.19
4549 69.62
4550 68.65
4551 67.19
4553 64.75
4557 68.16
4558 64.75
4563 68.16
4564 69.62
4565 69.62
4566 69.62
4567 70.60
4569 72.54
4570 71.57
4571 72.54
4572 72.54
4573 73.03
4574 73.52
4576 74.01
4577 74.01
4578 74.01
4579 74.98
4580 73.52
4582 74.98
4583 74.49
4584 74.49
4585 74.98
4586 74.98
4587 74.01
4588 75.47
4590 74.01
4591 74.98
4592 74.98
4593 74.98
4594 73.52
4596 74.98
4597 74.98
4598 75.47
4599 74.98
4600 74.49
4601 75.47
4602 74.01
4604 74.49
4605 71.08
4608 71.08
4609 71.08
4610 72.06
4611 72.54
4612 73.03
4613 74.01
4614 74.01
4615 73.52
4617 74.49
4618 73.52
4619 74.98
4620 74.98
4621 74.98
4623 74.01
4624 74.01
4625 74.98
4626 74.98
4627 74.98
4628 75.47
4629 74.98
4630 74.98
4632 75.47
4633 74.49
4634 75.95
4635 76.44
4636 74.98
4637 74.49
4638 75.47
4640 74.98
4641 76.44
4642 74.98
4643 76.93
4644 75.95
4645 75.95
4647 74.98
4648 74.98
4649 74.98
4650 66.70
4658 71.08
4659 66.21
4664 67.19
4665 70.11
4667 69.14
4668 70.11
4669 71.57
4670 72.54
4671 71.57
4672 72.54
4674 72.06
4675 73.03
4676 73.03
4677 73.03
4678 73.52
4679 73.03
4680 73.52
4682 73.03
4683 74.49
4684 74.01
4685 74.01
4686 74.01
4687 74.01
4689 74.49
4690 74.98
4691 74.01
4692 74.98
4693 73.52
4694 74.98
4696 74.98
4697 74.01
4698 74.98
4699 74.49
4700 74.98
4701 75.47
4703 74.98
4704 74.49
4705 75.47
4706 74.98
4707 74.49
4708 75.47
4710 75.47
4711 73.52
4712 74.98
4713 75.47
4714 74.98
4715 75.95
4716 74.98
4718 75.47
4719 74.98
4720 74.98
4721 74.98
4722 75.95
4724 74.01
4725 74.98
4726 74.98
4727 75.47
4728 74.98
4729 74.98
4731 76.44
4732 75.95
4733 74.98
4734 75.95
4735 75.47
4737 74.98
4738 74.98
4739 75.47
4740 75.95
4741 74.98
4742 75.47
4744 75.47
4745 75.95
4746 75.47
4747 75.95
4748 74.98
4749 76.44
4751 74.98
4752 74.49
4753 75.47
4754 76.44
4755 74.98
4756 76.44
4758 75.47
4759 75.47
4760 74.98
4761 75.47
4762 74.98
4764 75.47
4765 75.95
4766 74.98
4767 76.44
4768 75.47
4769 76.93
4771 75.95
4772 75.95
4773 75.95
4774 76.44
4775 75.47
4776 75.47
4777 76.44
4779 73.52
4780 74.49
4781 72.54
4790 69.62
4792 66.21
4798 68.16
4799 69.14
4800 70.60
4801 71.08
4803 70.60
4804 71.08
4805 73.03
4806 72.54
4807 73.52
4808 73.03
4809 73.03
4811 73.03
4812 72.54
4813 72.06
4814 73.52
4815 74.01
4816 74.49
4817 74.49
4819 74.01
4820 74.01
4821 74.98
4822 74.49
4825 74.49
4826 74.01
4827 74.98
4828 74.49
4829 74.98
4830 74.98
4832 74.98
4833 74.98
4834 74.01
4835 74.01
4836 75.95
4837 75.47
4839 74.01
4840 74.49
4841 74.49
4842 74.98
4843 74.01
4844 73.52
4846 75.47
4847 75.47
4848 74.98
4849 74.49
4850 74.98
4851 74.49
4852 74.01
4854 73.03
4855 74.98
4856 74.98
4857 74.01
4858 75.47
4859 75.95
4860 73.52
4862 74.01
4863 72.54
4865 74.01
4866 73.03
4867 74.49
4868 73.52
4869 73.03
4870 72.06
4871 72.06
4872 71.57
4873 70.11
4875 71.08
4876 74.01
4878 74.49
4879 72.54
4880 74.01
4881 73.52
4882 74.98
4883 74.49
4885 74.49
4886 74.49
4887 74.01
4888 74.49
4889 75.47
4890 74.49
4892 74.49
4893 74.98
4894 74.49
4895 74.49
4896 75.47
4897 74.98
4899 74.98
4900 74.98
4901 75.47
4902 74.01
4903 74.98
4904 75.95
4906 73.03
4907 71.57
4908 71.08
4909 69.62
4911 71.57
4912 70.11
4913 70.11
4914 66.70
4918 70.11
4919 70.60
4921 72.06
4922 72.06
4923 72.54
4924 72.06
4925 73.03
4927 73.52
4928 73.52
4929 74.01
4930 73.52
4931 74.49
4932 73.52
4934 72.54
4935 74.49
4936 74.01
4937 74.49
4938 74.49
4939 74.49
4940 74.01
4941 75.47
4943 74.01
4944 74.98
4945 71.08
4948 71.57
4949 70.60
4950 67.19
4956 68.65
4957 65.73
4963 68.65
4964 68.65
4966 70.11
4967 70.60
4968 71.57
4969 72.54
4970 70.60
4971 71.57
4973 72.06
4974 71.08
4975 70.11
4976 72.54
4977 72.54
4978 73.03
4979 73.52
4981 73.03
4982 73.52
4983 72.06
4984 74.49
4985 73.52
4986 74.49
4987 68.65
4992 70.11
4993 67.67
4996 70.11
4998 65.24
5010 68.65
5012 69.14
5013 69.14
5014 69.62
5015 70.60
5016 70.60
5017 71.08
5018 70.60
5019 71.08
5021 72.06
5022 72.54
5023 72.54
5024 72.54
5025 72.06
5026 73.03
5028 73.52
5029 72.54
5030 73.52
5031 72.54
5032 74.01
5033 73.52
5034 74.49
5036 74.01
5037 73.52
5038 74.01
5039 72.06
5040 71.08
5042 70.11
5043 69.14
5044 70.11
5045 67.67
5048 69.62
5049 71.08
5050 70.60
5052 72.54
5053 71.57
5054 71.57
5055 71.57
5056 73.03
5057 73.03
5059 73.52
5060 73.03
5061 73.52
5062 72.54
5063 73.52
5064 74.01
5066 74.98
5067 74.49
5068 73.03
5069 74.01
5070 74.01
5072 73.52
5073 74.01
5074 74.49
5075 74.01
5076 74.49
5077 74.01
5079 73.52
5080 74.49
5081 74.49
5082 74.49
5083 73.52
5084 74.49
5086 73.52
5087 71.57
5088 71.08
5089 71.57
5091 73.52
5092 72.54
5093 71.57
5094 71.08
5095 69.62
5097 69.14
5098 70.11
5099 71.08
5100 70.60
5101 69.62
5103 70.11
5104 70.60
5105 70.60
5106 68.65
5108 69.62
5109 71.57
5110 71.57
5111 73.52
5112 72.06
5113 72.06
5115 70.60
5116 63.29
5128 67.67
5129 66.70
5130 65.24
5132 63.29
5135 66.21
5136 67.19
5137 68.16
5138 68.16
5139 67.67
5140 67.19
5142 69.14
5143 70.60
5144 68.65
5145 68.65
5146 68.16
5148 68.65
5149 67.19
5150 68.16
5151 69.14
5153 69.62
5154 70.60
5155 70.60
5156 68.65
5157 67.67
5159 68.65
5160 69.14
5161 69.62
5162 68.16
5163 68.65
5165 67.19
5166 67.67
5167 68.16
5168 67.67
5170 67.67
5171 67.19
5172 66.21
5173 67.19
5175 65.73
5176 66.21
5177 68.16
5178 67.19
5179 66.21
5181 67.19
5182 66.21
5183 66.70
5184 66.70
5186 66.21
5187 66.70
5188 67.19
5189 66.70
5191 66.70
5192 66.70
5193 66.21
5194 66.21
5196 66.21
5197 66.21
5198 65.73
5199 66.70
5200 66.70
5202 66.21
5203 67.19
5204 66.70
5205 65.24
5207 66.21
5208 65.73
5209 66.21
5210 65.73
5211 65.73
5213 66.21
5214 66.21
5215 65.24
5216 66.21
5218 64.75
5219 66.21
5220 64.75
5221 66.21
5223 66.21
5224 65.73
5225 65.73
5226 66.21
5228 66.70
5229 65.73
5230 66.21
5231 65.24
5233 65.73
5234 66.70
5235 64.75
5236 64.75
5238 64.75
5239 66.70
5240 66.21
5241 65.73
5242 66.21
5244 65.73
5245 65.24
5246 65.73
5247 65.24
5249 65.73
5250 65.73
5251 64.75
5252 65.73
5254 65.73
5255 64.75
5256 65.73
5257 64.75
5259 64.75
5260 64.75
5261 64.27
5262 65.73
5264 64.75
5265 65.24
5266 65.73
5267 64.75
5269 64.75
5270 65.73
5271 65.24
5272 65.24
5273 65.73
5275 65.73
5276 65.24
5278 64.75
5279 64.27
5280 64.75
5281 64.75
5283 65.24
5284 64.75
5285 64.75
5286 65.24
5288 65.73
5289 65.73
5290 65.24
5291 64.75
5292 65.73
5294 64.75
5295 63.78
5296 64.75
5297 64.27
5299 64.27
5300 65.24
5301 64.75
5302 65.24
5304 65.24
5305 64.27
5306 65.24
5307 65.24
5309 64.75
5310 65.24
5311 63.78
5312 64.27
5313 65.24
5315 64.75
5316 64.75
5317 65.24
5318 64.27
5320 65.24
5321 64.27
5322 65.24
5323 64.75
5324 65.24
5326 64.27
5327 64.75
5328 64.27
5329 65.73
5331 64.75
5332 65.24
5333 64.75
5334 65.24
5336 64.27
5337 63.78
5338 63.78
5339 64.75
5341 64.27
5342 64.75
5343 64.75
5344 65.24
5345 64.75
5347 63.78
5348 64.75
5349 64.75
5350 65.24
5352 64.27
5353 64.75
5354 65.24
5355 64.27
5357 64.27
5358 65.24
5359 64.75
5360 64.75
5362 64.27
5363 63.78
5364 65.24
5365 65.24
5367 65.24
5368 64.27
5369 63.78
5370 64.27
5372 63.78
5373 65.24
5374 63.78
5375 64.75
5377 64.75
5378 64.27
5379 64.27
5380 64.27
5382 64.27
5383 65.24
5384 64.27
5385 64.75
5386 64.27
5388 63.78
5389 63.78
5390 64.27
5391 64.75
5393 62.80
5394 64.27
5395 65.24
5396 63.29
5398 64.75
5399 65.24
5400 63.78
5401 62.80
5402 64.27
5404 63.78
5405 64.27
5406 64.27
5407 64.75
5409 65.24
5410 63.78
5411 64.27
5412 63.78
5413 64.27
5415 64.27
5416 63.78
5417 64.75
5418 63.78
5420 63.78
5421 64.27
5422 64.27
5423 63.29
5425 63.29
5426 63.78
5427 63.29
5428 63.29
5430 65.24
5431 64.27
5432 64.27
5433 64.27
5434 64.75
5436 63.78
5437 62.80
5440 62.80
5442 63.78
5443 63.29
5444 63.29
5445 63.29
5447 63.78
5448 64.27
5449 64.75
5450 64.75
5452 63.29
5453 63.29
5454 63.29
5455 64.27
5457 63.78
5458 64.27
5459 63.78
5460 63.78
5462 63.78
5463 64.27
5464 64.27
5465 64.27
5466 62.80
5468 64.27
5469 63.78
5470 63.78
5471 63.78
5473 63.78
5474 63.78
5475 63.78
5476 64.27
5478 64.75
5479 63.29
5480 62.80
5481 63.78
5483 64.27
5484 63.78
5485 64.75
5486 63.78
5488 63.29
5489 63.78
5490 63.29
5491 64.27
5493 64.27
5494 64.75
5495 63.29
5496 64.27
5498 64.27
5499 64.75
5500 63.78
5501 63.29
5502 64.27
5504 63.29
5505 63.78
5506 63.29
5507 63.78
5509 63.78
5510 63.78
5511 62.80
5512 63.78
5514 63.78
5515 63.78
5516 63.78
5517 64.27
5519 64.75
5520 63.29
5521 63.29
5522 64.27
5524 62.80
5525 64.27
5526 64.27
5527 64.27
5529 63.29
5530 63.78
5531 64.27
5532 64.27
5533 63.29
5544 61.34
5545 60.86
5546 60.86
5548 61.34
5549 61.34
5550 61.83
5551 61.34
5552 61.83
5554 61.83
5555 62.32
5556 62.80
5557 62.32
5559 62.32
5560 62.32
5561 62.32
5562 63.78
5564 63.29
5565 62.32
5566 62.80
5567 63.29
5568 62.32
5570 63.29
5571 63.78
5572 62.80
5573 62.32
5575 63.29
5576 62.80
5577 63.29
5578 62.80
5579 63.78
5581 63.78
5582 62.80
5583 63.29
5584 62.80
5586 63.29
5587 63.29
5588 63.29
5589 64.27
5591 63.29
5592 62.80
5593 63.78
5594 63.29
5596 62.32
5597 63.29
5598 63.29
5599 62.80
5600 63.29
5602 63.29
5603 63.29
5604 63.29
5605 62.80
5607 63.78
5608 62.80
5609 63.78
5610 63.78
5612 62.32
5613 63.29
5614 63.29
5615 63.29
5617 63.78
5618 62.80
5619 62.80
5620 63.29
5622 62.80
5623 62.80
5624 62.32
5625 63.78
5627 63.29
5628 63.78
5629 63.29
5630 63.78
5632 64.27
5633 64.27
5634 63.29
5635 63.78
5636 64.27
5638 63.78
5639 63.29
5640 62.32
5641 63.29
5643 62.80
5644 64.27
5645 62.80
5646 63.29
5648 62.80
5649 62.80
5650 62.80
5651 63.29
5653 62.80
5654 64.27
5655 62.32
5656 62.80
5658 63.29
5659 63.78
5660 63.29
5661 63.78
5663 63.29
5664 62.32
5665 62.80
5666 62.80
5668 63.78
5669 62.80
5670 63.78
5671 63.29
5673 63.78
5674 62.32
5675 63.29
5676 61.83
5677 61.34
5678 60.86
5679 61.83
5680 61.34
5682 60.86
5683 60.37
5684 60.86
5685 60.86
5686 60.37
5687 60.37
5688 60.86
5689 60.37
5690 60.86
5691 61.34
5692 60.86
5694 60.37
5695 60.37
5696 60.37
5697 59.88
5698 59.88
5699 59.88
5714 58.91
5715 59.40
5716 59.88
5717 58.42
5718 58.91
5719 58.91
5720 58.91
5721 59.40
5722 59.40
5723 59.40
5725 59.88
5726 59.88
5727 59.88
5728 58.91
5729 58.42
5730 58.91
5731 59.88
5732 58.42
5733 59.40
5734 58.42
5738 57.93
5739 57.93
5743 58.42
5744 58.91
5745 57.45
5746 58.91
5747 58.42
5748 57.93
5750 57.93
5751 58.91
5752 58.42
5753 59.40
5754 58.42
5758 58.42
5759 59.40
5766 59.40
5767 59.40
5768 59.88
5769 59.88
5770 59.40
5772 59.88
5773 59.40
5774 58.42
5775 58.91
5776 58.42
5777 57.45
5779 58.91
5780 59.88
5782 60.86
5783 59.88
5784 60.37
5785 60.37
5787 60.37
5788 60.86
5789 59.40
5790 60.86
5791 59.88
5792 59.88
5795 59.88
5796 60.37
5797 59.88
5798 58.42
5802 58.91
5804 60.37
5805 60.37
5806 59.88
5807 60.86
5808 60.86
5810 61.34
5811 60.86
5812 60.86
5813 60.37
5815 61.83
5816 61.34
5817 61.83
5818 60.86
5820 60.86
5821 61.83
5822 61.34
5823 60.86
5824 61.34
5826 61.83
5827 61.34
5828 61.34
5829 61.34
5831 60.86
5832 61.83
5833 61.34
5834 63.29
5836 61.83
5837 61.83
5838 62.80
5839 61.34
5840 61.83
5842 62.32
5843 61.83
5844 62.32
5845 62.32
5846 61.83
5848 61.34
5849 61.34
5850 61.83
5851 61.83
5853 61.83
5854 63.78
5855 61.83
5856 62.80
5858 62.80
5859 61.83
5860 62.32
5861 62.32
5862 61.83
5864 61.83
5865 63.78
5866 61.83
5867 62.80
5868 62.80
5870 62.32
5871 62.32
5872 62.80
5873 62.32
5874 62.32
5876 62.32
5877 61.83
5878 61.83
5879 62.32
5881 62.32
5882 62.32
5883 62.32
5884 62.80
5886 61.83
5887 62.80
5888 62.80
5889 62.32
5890 62.32
5892 62.80
5893 61.83
5894 61.83
5895 62.32
5897 62.80
5898 61.34
5899 61.83
5900 61.34
5901 62.32
5903 61.83
5904 60.37
5905 61.83
5906 62.32
5907 61.83
5908 61.34
5910 61.83
5911 62.80
5912 63.29
5913 62.32
5915 61.83
5916 62.80
5917 62.32
5918 62.32
5919 61.34
5921 62.80
5922 61.34
5923 62.80
5924 62.32
5926 63.29
5927 60.86
5930 61.34
5932 61.34
5933 61.83
5934 62.32
5935 61.83
5937 61.83
5938 61.34
5939 61.34
5940 62.80
5941 61.34
5943 61.83
5944 61.83
5945 61.34
5947 61.34
5948 61.83
5949 62.32
5950 61.34
5951 61.83
5952 61.83
5954 62.80
5955 62.80
5956 61.83
5957 62.32
5959 63.78
5960 61.34
5961 62.80
5962 62.80
5964 61.34
5965 62.80
5966 61.34
5967 62.80
5969 63.29
5970 62.32
5971 62.80
5972 61.83
5973 61.83
5975 62.32
5976 62.32
5977 61.83
5978 61.83
5979 61.34
5981 61.34
5982 60.86
5983 59.88
5985 60.37
5986 60.37
5987 59.88
5988 58.91
5990 60.86
5991 59.88
5992 59.88
5993 60.37
6008 58.91
6009 57.45
6017 59.40
6018 58.91
6019 59.88
6020 59.40
6022 59.40
6023 58.91
6024 60.86
6025 60.86
6027 59.88
6028 60.37
6029 59.88
6030 60.86
6032 61.34
6033 60.86
6034 60.86
6035 61.34
6036 61.83
6038 60.86
6039 61.34
6040 61.34
6041 61.34
6043 61.34
6044 61.34
6045 61.34
6046 61.34
6048 61.83
6049 61.83
6050 61.34
6051 61.83
6052 62.80
6054 60.86
6055 61.83
6056 61.34
6057 60.86
6058 62.80
6060 61.83
6061 61.34
6063 60.37
6064 59.88
6065 59.40
6070 59.88
6076 57.93
6081 59.40
6082 59.40
6084 59.40
6085 60.86
6086 59.88
6087 59.88
6089 59.88
6090 60.86
6091 61.83
6092 60.37
6094 61.34
6095 61.83
6096 60.37
6097 61.83
6099 60.37
6100 61.83
6101 61.83
6102 60.86
6104 60.86
6105 61.34
6106 60.86
6107 61.34
6109 61.34
6110 61.34
6111 62.32
6112 60.86
6113 61.83
6114 60.37
6116 60.86
6117 60.37
6118 60.86
6119 60.37
6121 61.34
6123 60.37
6124 60.37
6125 59.88
6126 58.42
6130 59.40
6131 57.93
6145 58.91
6146 58.42
6147 59.88
6149 60.37
6150 59.88
6151 59.40
6152 60.37
6154 59.88
6155 59.88
6156 60.37
6157 60.86
6159 60.37
6160 59.88
6161 60.86
6162 60.86
6163 61.83
6164 61.34
6166 61.34
6167 61.34
6168 61.34
6169 60.37
6170 61.83
6172 60.37
6173 61.34
6174 60.86
6175 61.34
6177 61.83
6178 61.34
6179 60.86
6180 62.32
6182 61.83
6183 61.34
6184 60.86
6185 60.86
6187 61.34
6188 61.83
6189 61.83
6190 61.34
6191 61.34
6193 61.83
6194 61.34
6195 61.34
6196 61.83
6198 61.34
6199 61.34
6200 62.32
6201 61.34
6202 60.86
6204 60.86
6205 61.34
6206 60.86
6207 61.83
6208 60.37
6210 62.80
6211 61.83
6212 61.34
6213 60.37
6215 61.34
6216 61.34
6217 61.83
6218 61.34
6219 61.83
6221 62.80
6222 61.83
6223 62.32
6224 61.34
6226 61.34
6227 62.32
6228 61.83
6229 61.34
6231 60.86
6232 61.83
6233 61.83
6234 61.83
6236 61.83
6237 61.83
6238 62.32
6239 61.83
6240 62.32
6242 62.32
6243 62.32
6244 61.83
6245 62.32
6247 62.32
6248 61.34
6249 62.80
6250 62.32
6252 62.32
6253 61.83
6254 62.32
6255 62.32
6257 61.83
6258 61.83
6259 61.34
6260 61.34
6262 61.34
6263 61.34
6264 62.32
6265 61.83
6266 62.80
6268 61.34
6269 62.80
6270 61.83
6271 61.34
6272 59.40
6274 59.40
6275 58.91
6276 60.37
6277 60.86
6278 60.37
6279 59.40
6280 59.40
6282 59.40
6283 59.40
6285 59.88
6286 58.42
6293 58.91
6294 58.42
6295 57.93
6301 57.45
6309 58.91
6310 59.40
6313 59.88
6314 59.88
6315 59.40
6316 59.40
6318 59.88
6319 60.86
6320 59.88
6321 59.88
6322 60.86
6324 60.37
6325 60.37
6326 60.86
6327 60.86
6329 61.34
6330 60.86
6331 61.34
6332 61.34
6334 61.34
6335 61.34
6336 61.34
6337 60.37
6338 61.83
6340 61.83
6341 60.86
6342 61.83
6343 62.32
6345 60.86
6346 60.37
6347 61.34
6348 60.86
6350 60.86
6351 61.83
6352 61.34
6353 61.34
6354 61.83
6356 61.34
6357 61.83
6358 60.86
6359 61.34
6361 60.86
6362 61.83
6363 61.83
6364 61.83
6366 61.83
6367 61.34
6368 61.34
6369 61.34
6370 61.34
6372 61.34
6373 61.34
6376 61.34
6377 60.37
6378 61.34
6379 61.34
6381 61.34
6382 61.34
6383 59.88
6384 61.83
6385 60.37
6386 61.34
6387 60.37
6389 60.37
6390 60.86
6391 61.34
6392 59.88
6393 57.93
6401 58.91
6402 59.88
6403 58.91
6404 57.93
6413 58.42
6415 58.42
6416 57.45
6417 57.93
6418 57.93
6419 56.96
6443 55.99
6444 56.47
6445 56.47
6446 55.50
6447 56.47
6448 56.96
6450 55.50
6451 55.99
6452 55.99
6453 55.99
6462 55.99
6463 55.01
6465 55.01
6466 56.96
6467 55.50
6480 55.01
6483 55.01
6484 55.01
6485 55.50
6486 54.53
6487 55.01
6488 55.01
6489 55.50
6490 55.01
6492 55.50
6493 55.01
6494 54.53
6495 55.50
6496 55.50
6497 55.01
6498 55.01
6499 55.50
6500 55.99
6501 55.50
6502 55.50
6504 55.01
6505 55.99
6506 55.50
6507 55.01
6508 55.50
6509 54.53
6510 54.53
6511 54.04
6512 55.99
6513 55.01
6514 54.53
6515 55.01
6517 54.04
6518 55.50
6519 55.50
6520 55.99
6521 55.01
6522 54.04
6523 55.99
6524 54.53
6525 55.50
6526 55.01
6527 55.01
6528 54.04
6530 56.47
6531 54.04
6532 55.50
6533 55.01
6534 54.53
6535 55.01
6536 55.01
6537 54.04
6538 55.01
6539 54.53
6540 54.53
6541 55.01
6543 54.53
6544 55.01
6545 54.53
6547 55.50
6548 55.01
6549 54.53
6550 55.50
6551 55.01
6552 54.04
6553 54.53
6555 55.01
6556 55.50
6557 54.53
6558 54.53
6559 53.55
6560 54.53
6561 55.01
6562 54.53
6563 54.04
6564 54.04
6565 54.04
6566 54.53
6568 53.55
6569 54.53
6570 55.50
6571 55.01
6572 54.53
6574 55.50
6575 54.53
6576 55.01
6577 54.04
6578 55.01
6580 54.53
6581 54.53
6582 54.53
6583 54.04
6584 54.53
6585 55.01
6586 55.50
6587 54.04
6588 54.04
6589 54.53
6590 54.04
6591 53.55
6593 54.53
6594 53.55
6595 54.04
6596 55.01
6597 54.53
6598 54.53
6599 54.04
6600 54.04
6601 54.53
6602 54.04
6603 54.04
6604 54.53
6606 55.01
6607 53.55
6608 55.50
6609 54.53
6610 54.04
6611 54.53
6612 53.55
6613 54.53
6614 55.01
6615 55.01
6616 54.53
6617 54.53
6619 54.04
6620 54.53
6621 53.55
6622 54.53
6623 53.55
6624 53.55
6625 54.04
6626 55.01
6627 54.53
6628 54.53
6629 55.01
6630 54.53
6632 54.53
6633 54.04
6634 53.06
6635 53.55
6636 54.53
6637 54.04
6638 53.55
6639 54.04
6640 54.04
6641 53.55
6642 54.53
6643 53.55
6645 54.04
6646 53.55
6647 54.53
6648 54.04
6649 54.04
6650 54.04
6651 54.53
6652 54.04
6653 54.53
6654 54.04
6655 54.04
6656 54.04
6657 53.55
6659 54.04
6660 53.55
6661 55.50
6662 54.04
6663 54.53
6664 54.04
6665 54.53
6666 53.55
6667 54.53
6668 54.53
6669 54.53
6671 54.53
6672 54.53
6673 54.53
6674 53.55
6675 54.04
6676 54.53
6677 54.53
6678 54.04
6679 54.04
6680 54.53
6681 53.55
6682 53.55
6684 53.06
6685 55.01
6686 53.55
6687 54.04
