1 0.50 0.67 0.33 98.49
2054 2006 0.50 0.67 0.33 98.49
0.50 0.67 0.33 98.49
2 0.50 0.67 0.33 98.49
2055 2007 0.50 0.67 0.33 98.49
0.50 0.67 0.33 98.49
4 0.50 0.67 0.33 98.49
2008 2056 0.50 0.67 0.33 98.49
0.50 0.67 0.33 98.49
5 0.50 0.67 0.33 98.49
2010 6 2058 0.50 0.67 0.33 98.49
0.50 0.67 0.33 98.49
0.50 0.67 0.33 98.49
2011 7 2059 0.50 0.68 0.33 98.49
0.50 0.68 0.33 98.49
0.50 0.68 0.33 98.49
8 2060 0.50 0.68 0.33 98.49
2012 0.50 0.68 0.33 98.49
0.50 0.68 0.33 98.49
9 2061 2013 0.50 0.68 0.33 98.49
0.50 0.68 0.33 98.49
0.50 0.68 0.33 98.49
10 2014 2062 0.50 0.68 0.33 98.49
0.50 0.68 0.33 98.49
0.50 0.68 0.33 98.49
11 0.50 0.68 0.33 98.49
2063 2015 0.50 0.68 0.33 98.49
0.50 0.68 0.33 98.49
13 0.50 0.68 0.33 98.49
2065 2017 0.50 0.68 0.33 98.49
0.50 0.68 0.33 98.49
14 0.50 0.68 0.33 98.48
2066 2018 0.50 0.68 0.33 98.48
0.50 0.68 0.33 98.48
15 0.51 0.68 0.33 98.48
2067 0.51 0.68 0.33 98.48
2019 0.51 0.68 0.33 98.48
16 0.51 0.68 0.33 98.47
2068 2020 0.51 0.68 0.33 98.47
0.51 0.68 0.33 98.47
17 0.51 0.68 0.33 98.47
2069 2021 0.51 0.68 0.33 98.47
0.51 0.68 0.33 98.47
18 0.51 0.68 0.33 98.47
2070 0.51 0.68 0.33 98.47
2022 0.51 0.68 0.33 98.47
19 0.52 0.69 0.33 98.46
2071 0.52 0.69 0.33 98.46
2023 0.52 0.69 0.33 98.46
20 0.52 0.69 0.33 98.46
2072 0.52 0.69 0.33 98.46
2025 0.52 0.69 0.33 98.46
21 0.52 0.69 0.33 98.46
2074 0.52 0.69 0.33 98.46
2026 0.52 0.69 0.33 98.46
22 0.52 0.69 0.33 98.45
2075 0.52 0.69 0.33 98.45
2027 0.52 0.69 0.33 98.45
24 0.52 0.69 0.33 98.45
2076 0.53 0.69 0.33 98.45
2028 0.53 0.69 0.33 98.45
25 0.53 0.69 0.33 98.45
2077 0.53 0.69 0.33 98.44
2029 0.53 0.69 0.33 98.44
26 0.53 0.69 0.33 98.44
2078 0.53 0.69 0.33 98.44
2030 0.53 0.69 0.33 98.44
27 0.53 0.69 0.33 98.44
2079 0.53 0.69 0.33 98.44
2031 0.53 0.70 0.33 98.44
28 0.53 0.70 0.33 98.43
2080 2032 0.53 0.70 0.33 98.43
0.53 0.70 0.33 98.43
29 0.54 0.70 0.33 98.43
2033 0.54 0.70 0.33 98.43
2081 0.54 0.70 0.33 98.43
30 0.54 0.70 0.33 98.43
2034 0.54 0.70 0.33 98.43
2083 0.54 0.70 0.33 98.43
31 0.54 0.70 0.33 98.42
2036 0.54 0.70 0.33 98.42
2084 0.54 0.70 0.33 98.42
33 0.54 0.70 0.33 98.42
2037 0.54 0.70 0.33 98.42
2085 0.54 0.70 0.33 98.42
34 0.55 0.70 0.33 98.42
2038 0.55 0.70 0.33 98.42
2086 0.55 0.70 0.33 98.42
35 0.55 0.70 0.33 98.41
2039 0.55 0.70 0.33 98.41
2087 0.55 0.70 0.33 98.41
40 0.56 0.71 0.33 98.40
2044 2092 0.56 0.71 0.33 98.40
0.56 0.71 0.33 98.40
41 0.56 0.71 0.33 98.39
2045 0.56 0.71 0.33 98.39
2094 0.56 0.71 0.33 98.39
42 0.56 0.71 0.33 98.39
2047 0.56 0.71 0.33 98.39
2095 0.56 0.71 0.33 98.39
43 0.56 0.71 0.33 98.39
2048 2096 0.56 0.71 0.33 98.39
0.56 0.71 0.33 98.39
44 0.56 0.71 0.33 98.39
2049 2097 0.56 0.71 0.33 98.39
0.56 0.71 0.33 98.39
45 0.56 0.71 0.33 98.39
2052 2100 0.56 0.71 0.34 98.38
48 0.56 0.71 0.34 98.38
0.56 0.71 0.34 98.38
2053 0.57 0.71 0.34 98.38
2101 49 0.57 0.71 0.34 98.38
0.57 0.71 0.34 98.38
2054 0.57 0.71 0.34 98.38
50 2102 0.57 0.71 0.34 98.38
0.57 0.71 0.34 98.38
2055 0.57 0.71 0.34 98.38
51 2103 0.57 0.71 0.34 98.38
0.57 0.71 0.34 98.38
2056 52 2104 0.57 0.71 0.34 98.38
0.57 0.71 0.34 98.38
0.57 0.71 0.34 98.38
2057 53 2105 0.57 0.71 0.34 98.38
0.57 0.71 0.34 98.38
0.57 0.71 0.34 98.38
2058 54 2106 0.57 0.71 0.34 98.38
0.57 0.71 0.34 98.38
0.57 0.71 0.34 98.38
2059 55 0.57 0.71 0.34 98.38
2107 0.57 0.71 0.34 98.38
0.57 0.71 0.34 98.38
2060 56 2108 0.57 0.71 0.34 98.38
0.57 0.71 0.34 98.38
0.57 0.71 0.34 98.38
2062 58 2110 0.57 0.71 0.34 98.38
0.57 0.71 0.34 98.38
0.57 0.71 0.34 98.38
59 2063 2111 0.57 0.71 0.34 98.38
0.57 0.71 0.34 98.38
0.57 0.71 0.34 98.38
60 2064 2112 0.57 0.71 0.34 98.38
0.57 0.71 0.34 98.38
0.57 0.71 0.34 98.38
61 2065 2113 0.57 0.71 0.34 98.38
0.57 0.71 0.34 98.38
0.57 0.71 0.34 98.38
62 2066 0.57 0.71 0.34 98.38
2114 0.57 0.71 0.34 98.38
0.57 0.71 0.34 98.38
63 2115 0.57 0.71 0.34 98.38
2067 0.57 0.71 0.34 98.38
0.57 0.71 0.34 98.38
64 2116 0.57 0.71 0.34 98.38
2068 0.57 0.71 0.34 98.38
0.57 0.71 0.34 98.38
65 2117 0.57 0.71 0.34 98.38
0.57 0.71 0.34 98.38
2069 0.57 0.71 0.34 98.38
66 2118 0.57 0.71 0.34 98.38
0.57 0.71 0.34 98.38
2070 0.57 0.72 0.34 98.38
68 2120 0.57 0.72 0.34 98.38
0.57 0.72 0.34 98.38
2072 0.57 0.72 0.34 98.38
2073 2121 69 0.57 0.72 0.34 98.38
0.57 0.72 0.34 98.38
0.57 0.72 0.34 98.38
2074 2122 70 0.57 0.72 0.34 98.38
0.57 0.72 0.34 98.38
0.57 0.72 0.34 98.38
2075 2123 71 0.57 0.72 0.34 98.38
0.57 0.72 0.34 98.38
0.57 0.72 0.34 98.38
2076 2124 72 0.57 0.72 0.34 98.37
0.57 0.72 0.34 98.37
0.57 0.72 0.34 98.37
2077 2125 0.57 0.72 0.34 98.37
0.57 0.72 0.34 98.37
73 0.57 0.72 0.34 98.37
2078 2126 74 0.57 0.72 0.34 98.37
0.57 0.72 0.34 98.37
0.57 0.72 0.34 98.37
2079 2127 75 0.57 0.72 0.34 98.37
0.57 0.72 0.34 98.37
0.57 0.72 0.34 98.37
2128 2080 0.57 0.72 0.34 98.37
76 0.57 0.72 0.34 98.37
0.57 0.72 0.34 98.37
2082 2130 78 0.57 0.72 0.34 98.37
0.57 0.72 0.34 98.37
0.57 0.72 0.34 98.37
2083 2131 79 0.57 0.72 0.34 98.37
0.57 0.72 0.34 98.37
0.57 0.72 0.34 98.37
2084 80 0.57 0.72 0.34 98.37
0.57 0.72 0.34 98.37
2132 0.57 0.72 0.34 98.37
81 2085 0.57 0.72 0.34 98.37
2133 0.57 0.72 0.34 98.37
0.57 0.72 0.34 98.37
82 2086 0.57 0.72 0.34 98.37
0.57 0.72 0.34 98.37
2134 0.57 0.72 0.34 98.37
83 2087 2135 0.57 0.72 0.34 98.37
0.57 0.72 0.34 98.37
0.57 0.72 0.34 98.37
84 2136 2088 0.57 0.72 0.34 98.37
0.57 0.72 0.34 98.37
0.57 0.72 0.34 98.37
85 2089 0.57 0.72 0.34 98.37
0.57 0.72 0.34 98.37
2137 0.57 0.72 0.34 98.37
86 2090 0.57 0.72 0.34 98.37
2138 0.57 0.72 0.34 98.37
0.57 0.72 0.34 98.37
87 2140 2092 0.57 0.72 0.34 98.37
0.57 0.72 0.34 98.37
0.57 0.72 0.34 98.37
89 2141 2093 0.57 0.72 0.34 98.37
0.57 0.72 0.34 98.37
0.57 0.72 0.34 98.37
90 2142 2094 0.57 0.72 0.34 98.37
0.57 0.72 0.34 98.37
0.57 0.72 0.34 98.37
2143 91 2095 0.57 0.72 0.34 98.37
0.57 0.72 0.34 98.37
0.57 0.72 0.34 98.37
2144 2096 92 0.57 0.72 0.34 98.37
0.57 0.72 0.34 98.37
0.57 0.72 0.34 98.37
2145 2097 93 0.57 0.72 0.34 98.37
0.57 0.72 0.34 98.37
0.57 0.72 0.34 98.37
2146 2098 0.57 0.72 0.34 98.37
94 0.57 0.72 0.34 98.37
0.57 0.72 0.34 98.37
2147 2099 95 0.57 0.72 0.34 98.37
0.57 0.72 0.34 98.37
0.57 0.72 0.34 98.37
2100 96 2148 0.57 0.72 0.34 98.37
0.57 0.72 0.34 98.37
0.57 0.72 0.34 98.37
2102 2150 98 0.57 0.72 0.34 98.37
0.57 0.72 0.34 98.37
0.57 0.72 0.34 98.37
2103 2151 99 0.57 0.72 0.34 98.37
0.57 0.72 0.34 98.37
0.57 0.72 0.34 98.37
2104 2152 100 0.57 0.72 0.34 98.37
0.57 0.72 0.34 98.37
0.57 0.72 0.34 98.37
2105 2153 101 0.57 0.72 0.34 98.37
0.57 0.72 0.34 98.37
0.57 0.72 0.34 98.37
2106 102 0.57 0.72 0.34 98.37
2154 0.57 0.72 0.34 98.37
0.57 0.72 0.34 98.37
2107 103 2155 0.57 0.72 0.34 98.37
0.57 0.72 0.34 98.37
0.57 0.72 0.34 98.37
104 2108 2156 0.57 0.72 0.34 98.37
0.57 0.72 0.34 98.37
0.57 0.72 0.34 98.37
105 2157 0.57 0.72 0.34 98.37
0.57 0.72 0.34 98.37
2109 0.57 0.72 0.34 98.37
106 2158 0.57 0.72 0.34 98.37
2110 0.57 0.72 0.34 98.37
0.57 0.72 0.34 98.37
107 2159 2111 0.57 0.72 0.34 98.37
0.57 0.72 0.34 98.37
0.57 0.72 0.34 98.37
109 2113 2161 0.57 0.73 0.34 98.37
0.57 0.73 0.34 98.37
0.57 0.73 0.34 98.37
110 2114 2162 0.57 0.73 0.34 98.37
0.57 0.73 0.34 98.37
0.57 0.73 0.34 98.37
2115 111 2163 0.57 0.73 0.34 98.36
0.57 0.73 0.34 98.36
0.57 0.73 0.34 98.36
2116 2164 0.57 0.73 0.34 98.36
112 0.57 0.73 0.34 98.36
0.57 0.73 0.34 98.36
113 2117 2165 0.57 0.73 0.34 98.36
0.57 0.73 0.34 98.36
0.57 0.73 0.34 98.36
114 2118 2166 0.57 0.73 0.34 98.36
0.57 0.73 0.34 98.36
0.57 0.73 0.34 98.36
115 2167 0.57 0.73 0.34 98.36
2119 0.57 0.73 0.34 98.36
0.57 0.73 0.34 98.36
2168 116 2120 0.57 0.73 0.34 98.36
0.57 0.73 0.34 98.36
0.57 0.73 0.34 98.36
2169 2121 117 0.57 0.73 0.34 98.36
0.57 0.73 0.34 98.36
0.57 0.73 0.34 98.36
2171 119 0.57 0.73 0.34 98.36
2123 0.57 0.73 0.34 98.36
0.57 0.73 0.34 98.36
2172 120 0.57 0.73 0.34 98.36
2124 0.57 0.73 0.34 98.36
0.57 0.73 0.34 98.36
2173 121 2125 0.57 0.73 0.34 98.36
0.57 0.73 0.34 98.36
0.57 0.73 0.34 98.36
2174 2126 122 0.57 0.73 0.34 98.36
0.57 0.73 0.34 98.36
0.57 0.73 0.34 98.36
2175 2127 123 0.57 0.73 0.34 98.36
0.57 0.73 0.34 98.36
0.57 0.73 0.34 98.36
124 2128 2176 0.57 0.73 0.34 98.36
0.57 0.73 0.34 98.36
0.57 0.73 0.34 98.36
125 2129 2177 0.57 0.73 0.34 98.36
0.57 0.73 0.34 98.36
0.57 0.73 0.34 98.36
126 2178 2130 0.57 0.73 0.34 98.36
0.57 0.73 0.34 98.36
0.57 0.73 0.34 98.36
127 2179 2131 0.57 0.73 0.34 98.36
0.57 0.73 0.34 98.36
0.57 0.73 0.34 98.36
129 2181 0.57 0.73 0.34 98.36
2133 0.57 0.73 0.34 98.36
0.57 0.73 0.34 98.36
130 2134 2182 0.57 0.73 0.34 98.36
0.57 0.73 0.34 98.36
0.57 0.73 0.34 98.36
131 2183 0.57 0.73 0.34 98.36
2135 0.57 0.73 0.34 98.36
0.57 0.73 0.34 98.36
132 2184 0.57 0.73 0.34 98.36
2136 0.57 0.73 0.34 98.36
0.57 0.73 0.34 98.36
133 2137 2185 0.57 0.73 0.34 98.36
0.57 0.73 0.34 98.36
0.57 0.73 0.34 98.36
134 2138 0.57 0.73 0.34 98.36
2186 0.57 0.73 0.34 98.36
0.57 0.73 0.34 98.36
135 2139 0.57 0.73 0.34 98.36
0.57 0.73 0.34 98.36
2187 0.57 0.73 0.34 98.36
136 2140 0.57 0.73 0.34 98.36
0.57 0.73 0.34 98.36
2188 0.57 0.73 0.34 98.36
137 2141 2189 0.57 0.73 0.34 98.36
0.57 0.73 0.34 98.36
0.57 0.73 0.34 98.36
139 2191 2143 0.57 0.73 0.34 98.36
0.57 0.73 0.34 98.36
0.57 0.73 0.34 98.36
140 2144 0.57 0.73 0.34 98.36
2192 0.57 0.73 0.34 98.36
0.57 0.73 0.34 98.36
2193 141 2145 0.57 0.73 0.34 98.36
0.57 0.73 0.34 98.36
0.57 0.73 0.34 98.36
2194 142 2146 0.57 0.73 0.34 98.36
0.57 0.73 0.34 98.36
0.57 0.73 0.34 98.36
143 2195 2147 0.57 0.73 0.34 98.36
0.57 0.73 0.34 98.36
0.57 0.73 0.34 98.36
2148 2196 144 0.57 0.73 0.34 98.36
0.57 0.73 0.34 98.36
0.57 0.73 0.34 98.36
2197 145 0.57 0.73 0.34 98.36
2149 0.57 0.73 0.34 98.36
0.57 0.73 0.34 98.36
2150 2198 0.57 0.73 0.34 98.36
146 0.57 0.73 0.34 98.36
0.57 0.73 0.34 98.36
2199 2151 0.57 0.73 0.34 98.36
147 0.57 0.73 0.34 98.36
0.57 0.73 0.34 98.36
2201 149 0.57 0.73 0.34 98.35
2153 0.57 0.73 0.34 98.35
0.57 0.73 0.34 98.35
2202 150 0.57 0.73 0.34 98.35
2154 0.57 0.73 0.34 98.35
0.57 0.73 0.34 98.35
2203 2155 151 0.57 0.74 0.34 98.35
0.57 0.74 0.34 98.35
0.57 0.74 0.34 98.35
2204 2156 0.57 0.74 0.34 98.35
0.57 0.74 0.34 98.35
152 0.57 0.74 0.34 98.35
2205 2157 153 0.57 0.74 0.34 98.35
0.57 0.74 0.34 98.35
0.57 0.74 0.34 98.35
2206 154 2158 0.57 0.74 0.34 98.35
0.57 0.74 0.34 98.35
0.57 0.74 0.34 98.35
2159 155 2207 0.57 0.74 0.34 98.35
0.57 0.74 0.34 98.35
0.57 0.74 0.34 98.35
2160 2208 0.57 0.74 0.34 98.35
0.57 0.74 0.34 98.35
156 0.57 0.74 0.34 98.35
2161 157 2209 0.57 0.74 0.34 98.35
0.57 0.74 0.34 98.35
0.57 0.74 0.34 98.35
2163 2211 159 0.57 0.74 0.34 98.35
0.57 0.74 0.34 98.35
0.57 0.74 0.34 98.35
2164 2212 160 0.57 0.74 0.34 98.35
0.57 0.74 0.34 98.35
0.57 0.74 0.34 98.35
2165 2213 0.57 0.74 0.34 98.35
161 0.57 0.74 0.34 98.35
0.57 0.74 0.34 98.35
2166 2214 162 0.57 0.74 0.34 98.35
0.57 0.74 0.34 98.35
0.57 0.74 0.34 98.35
2167 2215 163 0.57 0.74 0.34 98.35
0.57 0.74 0.34 98.35
0.57 0.74 0.34 98.35
2168 2216 164 0.57 0.74 0.34 98.35
0.57 0.74 0.34 98.35
0.57 0.74 0.34 98.35
2169 165 2217 0.57 0.74 0.34 98.35
0.57 0.74 0.34 98.35
0.57 0.74 0.34 98.35
2170 2218 166 0.57 0.74 0.34 98.35
0.57 0.74 0.34 98.35
0.57 0.74 0.34 98.35
2171 167 2219 0.57 0.74 0.34 98.35
0.57 0.74 0.34 98.35
0.57 0.74 0.34 98.35
2173 2221 0.57 0.74 0.34 98.35
169 0.57 0.74 0.34 98.35
0.57 0.74 0.34 98.35
2174 2222 170 0.57 0.74 0.34 98.35
0.57 0.74 0.34 98.35
0.57 0.74 0.34 98.35
2175 2223 171 0.57 0.74 0.34 98.35
0.57 0.74 0.34 98.35
0.57 0.74 0.34 98.35
2176 172 2224 0.57 0.74 0.34 98.35
0.57 0.74 0.34 98.35
0.57 0.74 0.34 98.35
173 2177 0.57 0.74 0.34 98.35
2225 0.57 0.74 0.34 98.35
0.57 0.74 0.34 98.35
2226 174 2178 0.57 0.74 0.34 98.35
0.57 0.74 0.34 98.35
0.57 0.74 0.34 98.35
2227 175 2179 0.57 0.74 0.34 98.35
0.57 0.74 0.34 98.35
0.57 0.74 0.34 98.35
2228 176 0.57 0.74 0.34 98.35
0.57 0.74 0.34 98.35
2180 0.57 0.74 0.34 98.35
2229 177 2181 0.57 0.74 0.34 98.35
0.57 0.74 0.34 98.35
0.57 0.74 0.34 98.35
178 2231 2183 0.57 0.74 0.34 98.35
0.57 0.74 0.34 98.35
0.57 0.74 0.34 98.35
180 2232 2184 0.57 0.74 0.34 98.35
0.57 0.74 0.34 98.35
0.57 0.74 0.34 98.35
181 2185 0.57 0.74 0.34 98.35
2233 0.57 0.74 0.34 98.35
0.57 0.74 0.34 98.35
182 2186 0.57 0.74 0.34 98.35
0.57 0.74 0.34 98.35
2234 0.57 0.74 0.34 98.35
2187 2235 0.57 0.74 0.34 98.35
183 0.57 0.74 0.34 98.35
0.57 0.74 0.34 98.35
2188 2236 184 0.57 0.74 0.34 98.35
0.57 0.74 0.34 98.35
0.57 0.74 0.34 98.35
2189 2237 0.57 0.74 0.34 98.35
0.57 0.74 0.34 98.35
185 0.57 0.74 0.34 98.35
2190 2238 0.57 0.74 0.34 98.34
186 0.57 0.74 0.34 98.34
0.57 0.74 0.34 98.34
2191 2239 187 0.57 0.74 0.34 98.34
0.57 0.74 0.34 98.34
0.57 0.74 0.34 98.34
2192 2240 188 0.57 0.74 0.34 98.34
0.57 0.74 0.34 98.34
0.57 0.74 0.34 98.34
2194 2242 0.57 0.74 0.34 98.34
190 0.57 0.74 0.34 98.34
0.57 0.74 0.34 98.34
2195 2243 191 0.57 0.74 0.34 98.34
0.57 0.74 0.34 98.34
0.57 0.74 0.34 98.34
2244 2196 192 0.57 0.75 0.34 98.34
0.57 0.75 0.34 98.34
0.57 0.75 0.34 98.34
2245 2197 193 0.57 0.75 0.34 98.34
0.57 0.75 0.34 98.34
0.57 0.75 0.34 98.34
2198 2246 0.57 0.75 0.34 98.34
0.57 0.75 0.34 98.34
194 0.57 0.75 0.34 98.34
2199 2247 195 0.57 0.75 0.34 98.34
0.57 0.75 0.34 98.34
0.57 0.75 0.34 98.34
2200 0.57 0.75 0.34 98.34
196 2248 0.57 0.75 0.34 98.34
0.57 0.75 0.34 98.34
2201 2249 0.57 0.75 0.34 98.34
197 0.57 0.75 0.34 98.34
0.57 0.75 0.34 98.34
2202 2250 0.57 0.75 0.34 98.34
198 0.57 0.75 0.34 98.34
0.57 0.75 0.34 98.34
2204 2252 0.57 0.75 0.34 98.34
0.57 0.75 0.34 98.34
200 0.57 0.75 0.34 98.34
2205 201 0.57 0.75 0.34 98.34
2253 0.57 0.75 0.34 98.34
0.57 0.75 0.34 98.34
2206 202 0.57 0.75 0.34 98.34
2254 0.57 0.75 0.34 98.34
0.57 0.75 0.34 98.34
2207 203 2255 0.57 0.75 0.34 98.34
0.57 0.75 0.34 98.34
0.57 0.75 0.34 98.34
2208 2256 204 0.57 0.75 0.34 98.34
0.57 0.75 0.34 98.34
0.57 0.75 0.34 98.34
2209 2257 205 0.57 0.75 0.34 98.34
0.57 0.75 0.34 98.34
0.57 0.75 0.34 98.34
2258 206 2210 0.57 0.75 0.34 98.34
0.57 0.75 0.34 98.34
0.57 0.75 0.34 98.34
2259 207 2211 0.57 0.75 0.34 98.34
0.57 0.75 0.34 98.34
0.57 0.75 0.34 98.34
208 2212 2260 0.57 0.75 0.34 98.34
0.57 0.75 0.34 98.34
0.57 0.75 0.34 98.34
210 2214 0.57 0.75 0.34 98.34
2262 0.57 0.75 0.34 98.34
0.57 0.75 0.34 98.34
211 2215 0.57 0.75 0.34 98.34
2263 0.57 0.75 0.34 98.34
0.57 0.75 0.34 98.34
212 2264 0.57 0.75 0.34 98.34
2216 0.57 0.75 0.34 98.34
0.57 0.75 0.34 98.34
2265 213 2217 0.57 0.75 0.34 98.34
0.57 0.75 0.34 98.34
0.57 0.75 0.34 98.34
214 2218 2266 0.57 0.75 0.34 98.34
0.57 0.75 0.34 98.34
0.57 0.75 0.34 98.34
215 2219 2267 0.57 0.75 0.34 98.34
0.57 0.75 0.34 98.34
0.57 0.75 0.34 98.34
2220 216 2268 0.57 0.75 0.34 98.34
0.57 0.75 0.34 98.34
0.57 0.75 0.34 98.34
217 2269 2221 0.57 0.75 0.34 98.34
0.57 0.75 0.34 98.34
0.57 0.75 0.34 98.34
2270 2222 218 0.57 0.75 0.34 98.34
0.57 0.75 0.34 98.34
0.57 0.75 0.34 98.34
2272 220 0.57 0.75 0.34 98.34
2224 0.57 0.75 0.34 98.34
0.57 0.75 0.34 98.34
221 2225 2273 0.57 0.75 0.34 98.34
0.57 0.75 0.34 98.34
0.57 0.75 0.34 98.34
222 2274 0.57 0.75 0.34 98.34
2226 0.57 0.75 0.34 98.34
0.57 0.75 0.34 98.34
223 0.57 0.75 0.34 98.34
2275 2227 0.57 0.75 0.34 98.34
0.57 0.75 0.34 98.34
224 0.57 0.75 0.34 98.34
2276 2228 0.57 0.75 0.34 98.34
0.57 0.75 0.34 98.34
2277 2229 0.57 0.75 0.34 98.34
0.57 0.75 0.34 98.34
2278 2230 0.57 0.75 0.34 98.33
0.57 0.75 0.34 98.33
2279 2231 0.57 0.75 0.34 98.33
0.57 0.75 0.34 98.33
2280 2232 0.57 0.75 0.34 98.33
0.57 0.75 0.34 98.33
2233 2281 0.57 0.75 0.34 98.33
0.57 0.75 0.34 98.33
2234 2282 0.57 0.75 0.34 98.33
0.57 0.75 0.34 98.33
2236 2284 0.57 0.75 0.34 98.33
0.57 0.75 0.34 98.33
2237 2285 0.57 0.75 0.34 98.33
0.57 0.75 0.34 98.33
2238 2286 0.57 0.75 0.34 98.33
0.57 0.75 0.34 98.33
2239 2287 0.57 0.75 0.34 98.33
0.57 0.75 0.34 98.33
2240 2288 0.57 0.75 0.34 98.33
0.57 0.75 0.34 98.33
2241 2289 0.57 0.75 0.34 98.33
0.57 0.75 0.34 98.33
2242 2290 0.57 0.76 0.34 98.33
0.57 0.76 0.34 98.33
2291 2243 0.57 0.76 0.34 98.33
0.57 0.76 0.34 98.33
2292 2244 0.57 0.76 0.34 98.33
0.57 0.76 0.34 98.33
2293 2245 0.57 0.76 0.34 98.33
0.57 0.76 0.34 98.33
2294 2247 0.57 0.76 0.34 98.33
0.57 0.76 0.34 98.33
2296 0.57 0.76 0.34 98.33
2248 0.57 0.76 0.34 98.33
2297 0.57 0.76 0.34 98.33
2249 0.57 0.76 0.34 98.33
2298 0.57 0.76 0.34 98.33
2250 0.57 0.76 0.34 98.33
2299 0.57 0.76 0.34 98.33
2251 0.57 0.76 0.34 98.33
2300 0.57 0.76 0.34 98.33
2252 0.57 0.76 0.34 98.33
2301 0.57 0.76 0.34 98.33
2253 0.57 0.76 0.34 98.33
2302 2254 0.57 0.76 0.34 98.33
0.57 0.76 0.34 98.33
2255 2303 0.57 0.76 0.34 98.33
0.57 0.76 0.34 98.33
2256 0.57 0.76 0.34 98.33
2304 0.57 0.76 0.34 98.33
2257 0.57 0.76 0.34 98.33
2305 0.57 0.76 0.34 98.33
2258 0.57 0.76 0.34 98.33
2306 0.57 0.76 0.34 98.33
2260 0.57 0.76 0.34 98.33
2308 0.57 0.76 0.34 98.33
2261 2309 0.57 0.76 0.34 98.33
0.57 0.76 0.34 98.33
2262 2310 0.57 0.76 0.34 98.33
0.57 0.76 0.34 98.33
2263 2311 0.57 0.76 0.34 98.33
0.57 0.76 0.34 98.33
2312 2264 0.57 0.76 0.34 98.33
0.57 0.76 0.34 98.33
2313 2265 0.57 0.76 0.34 98.33
0.57 0.76 0.34 98.33
2314 2266 0.57 0.76 0.34 98.33
0.57 0.76 0.34 98.33
2315 2267 0.57 0.76 0.34 98.33
0.57 0.76 0.34 98.33
2316 2268 0.57 0.76 0.34 98.33
0.57 0.76 0.34 98.33
2317 2269 0.57 0.76 0.34 98.33
0.57 0.76 0.34 98.33
2318 2270 0.57 0.76 0.34 98.33
0.57 0.76 0.34 98.33
2320 2272 0.57 0.76 0.34 98.33
0.57 0.76 0.34 98.33
2321 2273 0.57 0.76 0.34 98.33
0.57 0.76 0.34 98.33
2322 2274 0.57 0.76 0.34 98.33
0.57 0.76 0.34 98.33
2275 2323 0.57 0.76 0.34 98.33
0.57 0.76 0.34 98.33
2276 2324 0.57 0.76 0.34 98.33
0.57 0.76 0.34 98.33
2277 2325 0.57 0.76 0.34 98.33
0.57 0.76 0.34 98.33
2278 2326 0.57 0.76 0.34 98.33
0.57 0.76 0.34 98.33
2279 2327 0.57 0.76 0.34 98.33
0.57 0.76 0.34 98.33
2280 2328 0.57 0.76 0.34 98.33
0.57 0.76 0.34 98.33
2281 2329 0.57 0.76 0.34 98.33
0.57 0.76 0.34 98.33
2283 2331 0.57 0.76 0.34 98.33
0.57 0.76 0.34 98.33
2332 2284 0.57 0.76 0.34 98.32
0.57 0.76 0.34 98.32
2285 2333 0.57 0.76 0.34 98.32
0.57 0.76 0.34 98.32
2286 0.57 0.76 0.34 98.32
2334 0.57 0.76 0.34 98.32
2287 2335 0.57 0.76 0.34 98.32
0.57 0.76 0.34 98.32
2288 2336 0.57 0.76 0.34 98.32
0.57 0.76 0.34 98.32
2289 2337 0.57 0.76 0.34 98.32
0.57 0.76 0.34 98.32
2290 2338 0.57 0.76 0.34 98.32
0.57 0.76 0.34 98.32
2291 2339 0.57 0.76 0.34 98.32
0.57 0.76 0.34 98.32
2292 2340 0.57 0.76 0.34 98.32
0.57 0.76 0.34 98.32
2294 2342 0.57 0.76 0.34 98.32
0.57 0.76 0.34 98.32
2295 2343 0.57 0.76 0.34 98.32
0.57 0.76 0.34 98.32
2296 0.57 0.76 0.34 98.32
2344 0.57 0.76 0.34 98.32
2297 0.57 0.76 0.34 98.32
2345 0.57 0.76 0.34 98.32
2298 2346 0.57 0.76 0.34 98.32
0.57 0.76 0.34 98.32
2347 2299 0.57 0.76 0.34 98.32
0.57 0.76 0.34 98.32
2348 2300 0.57 0.76 0.34 98.32
0.57 0.76 0.34 98.32
2349 2301 0.57 0.76 0.34 98.32
0.57 0.77 0.34 98.32
2350 2302 0.57 0.77 0.34 98.32
0.57 0.77 0.34 98.32
2351 2303 0.57 0.77 0.34 98.32
0.57 0.77 0.34 98.32
2352 2304 0.57 0.77 0.34 98.32
0.57 0.77 0.34 98.32
2354 2306 0.57 0.77 0.34 98.32
0.57 0.77 0.34 98.32
2355 2307 0.57 0.77 0.34 98.32
0.57 0.77 0.34 98.32
2308 2356 0.57 0.77 0.34 98.32
0.57 0.77 0.34 98.32
2309 2357 0.57 0.77 0.34 98.32
0.57 0.77 0.34 98.32
2310 2358 0.57 0.77 0.34 98.32
0.57 0.77 0.34 98.32
2311 2359 0.57 0.77 0.34 98.32
0.57 0.77 0.34 98.32
2312 2360 0.57 0.77 0.34 98.32
0.57 0.77 0.34 98.32
2313 2361 0.57 0.77 0.34 98.32
0.57 0.77 0.34 98.32
2314 2362 0.57 0.77 0.34 98.32
0.57 0.77 0.34 98.32
2315 2363 0.57 0.77 0.34 98.32
0.57 0.77 0.34 98.32
2317 2365 0.57 0.77 0.34 98.32
0.57 0.77 0.34 98.32
2318 2366 0.57 0.77 0.34 98.32
0.57 0.77 0.34 98.32
2319 2367 0.57 0.77 0.34 98.32
0.57 0.77 0.34 98.32
2320 0.57 0.77 0.34 98.32
2368 0.57 0.77 0.34 98.32
2321 2369 0.57 0.77 0.34 98.32
0.57 0.77 0.34 98.32
2322 2370 0.57 0.77 0.34 98.32
0.57 0.77 0.34 98.32
2371 2323 0.57 0.77 0.34 98.32
0.57 0.77 0.34 98.32
2372 2324 0.57 0.77 0.34 98.32
0.57 0.77 0.34 98.32
2373 2325 0.57 0.77 0.34 98.32
0.57 0.77 0.34 98.32
2326 2374 0.57 0.77 0.34 98.32
0.57 0.77 0.34 98.32
2375 2327 0.57 0.77 0.34 98.32
0.57 0.77 0.34 98.32
2377 2329 0.57 0.77 0.34 98.32
0.57 0.77 0.34 98.32
2330 2378 0.57 0.77 0.34 98.32
0.57 0.77 0.34 98.32
2379 2331 0.57 0.77 0.34 98.32
0.57 0.77 0.34 98.32
2380 2332 0.57 0.77 0.34 98.32
0.57 0.77 0.34 98.32
2381 2333 0.57 0.77 0.34 98.32
0.57 0.77 0.34 98.32
2382 2334 0.57 0.77 0.34 98.32
0.57 0.77 0.34 98.32
2383 2335 0.57 0.77 0.34 98.32
0.57 0.77 0.34 98.32
2384 2336 0.57 0.77 0.34 98.32
0.57 0.77 0.34 98.32
2385 2337 0.57 0.77 0.34 98.32
0.57 0.77 0.34 98.32
2386 2338 0.57 0.77 0.34 98.32
0.57 0.77 0.34 98.32
2388 2340 0.57 0.77 0.34 98.32
0.57 0.77 0.34 98.32
2389 2341 0.57 0.77 0.34 98.31
0.57 0.77 0.34 98.31
2390 2342 0.57 0.77 0.34 98.31
0.57 0.77 0.34 98.31
2343 2391 0.57 0.77 0.34 98.31
0.57 0.77 0.34 98.31
2344 2392 0.57 0.77 0.34 98.31
0.57 0.77 0.34 98.31
2345 2393 0.57 0.77 0.34 98.31
0.57 0.77 0.34 98.31
2346 2394 0.57 0.77 0.34 98.31
0.57 0.77 0.34 98.31
2347 2395 0.57 0.77 0.34 98.31
0.57 0.77 0.34 98.31
2348 2396 0.57 0.77 0.34 98.31
0.57 0.77 0.34 98.31
2349 2397 0.57 0.77 0.34 98.31
0.57 0.77 0.34 98.31
2350 0.57 0.77 0.34 98.31
2398 0.57 0.77 0.34 98.31
2352 0.57 0.77 0.34 98.31
2400 0.57 0.77 0.34 98.31
2353 0.57 0.77 0.34 98.31
2401 0.57 0.77 0.34 98.31
2354 0.57 0.77 0.34 98.31
2402 0.57 0.77 0.34 98.31
2355 0.57 0.77 0.34 98.31
2403 0.57 0.77 0.34 98.31
2356 0.57 0.77 0.34 98.31
2404 0.57 0.77 0.34 98.31
2357 2405 0.57 0.77 0.34 98.31
0.57 0.77 0.34 98.31
2358 2406 0.57 0.77 0.34 98.31
0.57 0.77 0.34 98.31
2359 2407 0.57 0.77 0.34 98.31
0.57 0.77 0.34 98.31
2360 2408 0.57 0.77 0.34 98.31
0.57 0.77 0.34 98.31
2409 2361 0.57 0.78 0.34 98.31
0.57 0.78 0.34 98.31
2362 2410 0.57 0.78 0.33 98.31
0.57 0.78 0.33 98.31
2364 2412 0.57 0.78 0.33 98.31
0.57 0.78 0.33 98.31
2365 2413 0.57 0.78 0.33 98.31
0.57 0.78 0.33 98.31
2366 2414 0.57 0.78 0.33 98.31
0.57 0.78 0.33 98.31
2367 2415 0.57 0.78 0.33 98.31
0.57 0.78 0.33 98.31
2368 2416 0.57 0.78 0.33 98.31
0.57 0.78 0.33 98.31
2369 2417 0.57 0.78 0.33 98.31
0.57 0.78 0.33 98.31
2418 2370 0.57 0.78 0.33 98.31
0.57 0.78 0.33 98.31
2419 2371 0.57 0.78 0.33 98.31
0.57 0.78 0.33 98.31
2420 2372 0.57 0.78 0.33 98.31
0.57 0.78 0.33 98.31
2373 2421 0.57 0.78 0.33 98.31
0.57 0.78 0.33 98.31
2374 2422 0.57 0.78 0.33 98.31
0.57 0.78 0.33 98.31
2376 2424 0.57 0.78 0.33 98.31
0.57 0.78 0.33 98.31
2377 2425 0.57 0.78 0.33 98.31
0.57 0.78 0.33 98.31
2378 2426 0.57 0.78 0.33 98.31
0.57 0.78 0.33 98.31
2379 2427 0.57 0.78 0.33 98.31
0.57 0.78 0.33 98.31
2380 2428 0.57 0.78 0.33 98.31
0.57 0.78 0.33 98.31
2381 0.57 0.78 0.33 98.31
2429 0.57 0.78 0.33 98.31
2382 0.57 0.78 0.33 98.31
2430 0.57 0.78 0.33 98.31
2383 0.57 0.78 0.33 98.31
2431 0.57 0.78 0.33 98.31
2384 0.57 0.78 0.34 98.30
2432 0.57 0.78 0.34 98.30
2385 0.57 0.78 0.34 98.30
2433 0.57 0.78 0.34 98.30
2386 0.57 0.78 0.34 98.30
2434 0.57 0.78 0.34 98.30
2387 0.57 0.78 0.34 98.30
2435 0.57 0.78 0.34 98.30
2388 0.57 0.78 0.34 98.30
2436 0.57 0.78 0.34 98.30
2389 0.57 0.78 0.34 98.30
2437 0.57 0.78 0.34 98.30
2390 0.57 0.78 0.34 98.30
2438 0.57 0.79 0.34 98.30
2392 0.57 0.79 0.34 98.30
2440 0.57 0.79 0.34 98.30
2393 0.57 0.79 0.34 98.29
2441 0.57 0.79 0.34 98.29
2394 0.57 0.79 0.34 98.29
2442 0.57 0.79 0.34 98.29
2395 0.57 0.79 0.34 98.29
2443 0.57 0.79 0.34 98.29
2396 0.57 0.79 0.34 98.29
2450 2402 0.57 0.79 0.35 98.28
0.57 0.79 0.35 98.28
2451 2403 0.57 0.79 0.35 98.28
0.57 0.79 0.35 98.28
2404 2452 0.57 0.79 0.35 98.28
0.57 0.79 0.35 98.28
2453 2405 0.57 0.79 0.35 98.28
0.57 0.79 0.35 98.28
2454 2406 0.57 0.79 0.35 98.28
0.57 0.79 0.35 98.28
2455 2407 0.57 0.79 0.35 98.28
0.57 0.79 0.35 98.28
2456 2408 0.57 0.79 0.35 98.28
0.57 0.79 0.35 98.28
2458 2410 0.57 0.79 0.35 98.28
0.57 0.79 0.35 98.28
2459 2411 0.57 0.79 0.35 98.28
0.57 0.79 0.35 98.28
2460 2412 0.57 0.79 0.35 98.28
0.57 0.79 0.35 98.28
2461 2413 0.57 0.79 0.35 98.28
0.57 0.79 0.35 98.28
2462 2414 0.57 0.79 0.35 98.28
0.57 0.79 0.35 98.28
2463 2415 0.57 0.79 0.35 98.28
0.57 0.79 0.35 98.28
2464 2416 0.57 0.79 0.35 98.28
0.57 0.79 0.35 98.28
2465 2417 0.57 0.79 0.35 98.28
0.57 0.79 0.35 98.28
2466 2418 0.57 0.79 0.35 98.28
0.57 0.79 0.35 98.28
2467 2419 0.57 0.79 0.35 98.28
0.57 0.79 0.35 98.28
2468 2420 0.57 0.79 0.35 98.28
0.57 0.79 0.35 98.28
2470 2422 0.57 0.79 0.35 98.28
0.57 0.79 0.35 98.28
2471 2423 0.57 0.79 0.35 98.28
0.57 0.79 0.35 98.28
2472 2424 0.57 0.79 0.35 98.28
0.57 0.79 0.35 98.28
2473 2425 0.57 0.79 0.35 98.28
0.57 0.79 0.35 98.28
2474 2426 0.57 0.79 0.35 98.28
0.57 0.79 0.35 98.28
2475 2427 0.57 0.79 0.35 98.28
0.57 0.79 0.35 98.28
2428 2476 0.57 0.79 0.35 98.28
0.57 0.79 0.35 98.28
2429 2477 0.57 0.79 0.35 98.28
0.57 0.79 0.35 98.28
2430 2478 0.57 0.79 0.35 98.28
0.57 0.79 0.35 98.28
2431 2479 0.57 0.79 0.35 98.28
0.57 0.79 0.35 98.28
2433 2481 0.57 0.79 0.35 98.27
0.57 0.79 0.35 98.27
2434 2482 0.57 0.79 0.35 98.27
0.57 0.79 0.35 98.27
2435 2483 0.57 0.79 0.35 98.27
0.57 0.79 0.35 98.27
2484 2436 0.57 0.79 0.35 98.27
0.57 0.79 0.35 98.27
2485 2437 0.57 0.79 0.35 98.27
0.57 0.79 0.35 98.27
2486 2438 0.57 0.79 0.35 98.27
0.57 0.79 0.35 98.27
2487 2439 0.57 0.79 0.35 98.27
0.57 0.79 0.35 98.27
2488 2440 0.57 0.79 0.35 98.27
0.57 0.79 0.35 98.27
2441 2489 0.57 0.79 0.35 98.27
0.57 0.79 0.35 98.27
2490 0.57 0.79 0.35 98.27
2442 0.57 0.79 0.35 98.27
2491 2443 0.57 0.79 0.35 98.27
0.57 0.79 0.35 98.27
2493 2445 0.57 0.79 0.35 98.27
0.57 0.79 0.35 98.27
2494 2446 0.57 0.79 0.35 98.27
0.57 0.79 0.35 98.27
2495 2447 0.57 0.79 0.35 98.27
0.57 0.79 0.35 98.27
2496 0.57 0.79 0.35 98.27
2448 0.57 0.79 0.35 98.27
2497 0.57 0.79 0.35 98.27
2449 0.57 0.79 0.35 98.27
2498 0.57 0.79 0.35 98.27
2450 0.57 0.80 0.35 98.27
2499 0.57 0.80 0.35 98.27
2451 0.57 0.80 0.35 98.27
2500 2452 0.57 0.80 0.35 98.27
0.57 0.80 0.35 98.27
2501 2453 0.57 0.80 0.35 98.27
0.57 0.80 0.35 98.27
2502 2454 0.57 0.80 0.35 98.27
0.57 0.80 0.35 98.27
2503 2456 0.57 0.80 0.35 98.27
0.57 0.80 0.35 98.27
2505 2457 0.57 0.80 0.35 98.27
0.57 0.80 0.35 98.27
2506 2458 0.57 0.80 0.35 98.27
0.57 0.80 0.35 98.27
2507 2459 0.57 0.80 0.35 98.27
0.57 0.80 0.35 98.27
2508 2460 0.57 0.80 0.35 98.27
0.57 0.80 0.35 98.27
2509 2461 0.57 0.80 0.35 98.27
0.57 0.80 0.35 98.27
2510 2462 0.57 0.80 0.35 98.27
0.57 0.80 0.35 98.27
2511 2463 0.57 0.80 0.35 98.27
0.57 0.80 0.35 98.27
2512 2464 0.57 0.80 0.35 98.27
0.57 0.80 0.35 98.27
2513 2465 0.57 0.80 0.35 98.27
0.57 0.80 0.35 98.27
2514 2466 0.57 0.80 0.35 98.27
0.57 0.80 0.35 98.27
2515 2467 0.57 0.80 0.35 98.27
0.57 0.80 0.35 98.27
2517 2469 0.58 0.80 0.35 98.27
0.58 0.80 0.35 98.27
2518 2470 0.58 0.80 0.35 98.27
0.58 0.80 0.35 98.27
2519 2471 0.58 0.80 0.35 98.27
0.58 0.80 0.35 98.27
2520 2472 0.58 0.80 0.35 98.27
0.58 0.80 0.35 98.27
2521 2473 0.58 0.80 0.35 98.27
0.58 0.80 0.35 98.27
2522 2474 0.58 0.80 0.35 98.27
0.58 0.80 0.35 98.27
2523 2475 0.58 0.80 0.35 98.27
0.58 0.80 0.35 98.27
2524 2476 0.58 0.80 0.35 98.27
0.58 0.80 0.35 98.27
2477 2525 0.58 0.80 0.35 98.27
0.58 0.80 0.35 98.27
2478 2526 0.58 0.80 0.35 98.27
0.58 0.80 0.35 98.27
2479 2527 0.58 0.80 0.35 98.27
0.58 0.80 0.35 98.27
2481 2529 0.58 0.80 0.35 98.27
0.58 0.80 0.35 98.27
2482 2530 0.58 0.80 0.35 98.27
0.58 0.80 0.35 98.27
2483 2531 0.58 0.80 0.35 98.27
0.58 0.80 0.35 98.27
2484 2532 0.58 0.80 0.35 98.27
0.58 0.80 0.35 98.27
2485 0.58 0.80 0.35 98.27
2533 0.58 0.80 0.35 98.27
2486 2534 0.58 0.80 0.35 98.27
0.58 0.80 0.35 98.27
2487 2535 0.58 0.80 0.35 98.27
0.58 0.80 0.35 98.27
2488 2536 0.58 0.80 0.35 98.27
0.58 0.80 0.35 98.27
2489 2537 0.58 0.80 0.35 98.27
0.58 0.80 0.35 98.27
2490 2538 0.58 0.80 0.35 98.26
0.58 0.80 0.35 98.26
2492 2540 0.58 0.80 0.35 98.26
0.58 0.80 0.35 98.26
2541 2493 0.58 0.80 0.35 98.26
0.58 0.80 0.35 98.26
2494 2542 0.58 0.80 0.35 98.26
0.58 0.80 0.35 98.26
2495 2543 0.58 0.80 0.35 98.26
0.58 0.80 0.35 98.26
2496 2544 0.58 0.80 0.35 98.26
0.58 0.80 0.35 98.26
2497 2545 0.58 0.80 0.35 98.26
0.58 0.80 0.35 98.26
2498 2546 0.58 0.80 0.35 98.26
0.58 0.80 0.35 98.26
2499 2547 0.58 0.80 0.35 98.26
0.58 0.80 0.35 98.26
2500 2548 0.58 0.80 0.35 98.26
0.58 0.80 0.35 98.26
2501 2549 0.58 0.80 0.35 98.26
0.58 0.80 0.35 98.26
2503 2551 0.58 0.80 0.35 98.26
0.58 0.80 0.35 98.26
2504 2552 0.58 0.80 0.35 98.26
0.58 0.80 0.35 98.26
2505 2553 0.58 0.80 0.35 98.26
0.58 0.80 0.35 98.26
2506 2554 0.58 0.80 0.35 98.26
0.58 0.80 0.35 98.26
2555 2507 0.58 0.80 0.35 98.26
0.58 0.80 0.35 98.26
2556 2508 0.58 0.80 0.35 98.26
0.58 0.80 0.35 98.26
2557 2509 0.58 0.80 0.35 98.26
0.58 0.80 0.35 98.26
2558 2510 0.58 0.81 0.35 98.26
0.58 0.81 0.35 98.26
2559 2511 0.58 0.81 0.35 98.26
0.58 0.81 0.35 98.26
2562 2514 0.58 0.81 0.35 98.26
0.58 0.81 0.35 98.26
2563 2515 0.58 0.81 0.36 98.26
0.58 0.81 0.36 98.26
2564 2516 0.58 0.81 0.36 98.26
0.58 0.81 0.36 98.26
2565 2517 0.58 0.81 0.36 98.26
0.58 0.81 0.36 98.26
2566 2518 0.58 0.81 0.36 98.26
0.58 0.81 0.36 98.26
2519 2567 0.58 0.81 0.36 98.26
0.58 0.81 0.36 98.26
2520 2568 0.58 0.81 0.36 98.26
0.58 0.81 0.36 98.26
2521 2569 0.58 0.81 0.36 98.26
0.58 0.81 0.36 98.26
2522 2570 0.58 0.81 0.36 98.26
0.58 0.81 0.36 98.26
2571 2523 0.58 0.81 0.36 98.26
0.58 0.81 0.36 98.26
2573 2525 0.58 0.81 0.36 98.26
0.58 0.81 0.36 98.26
2574 2526 0.58 0.81 0.36 98.26
0.58 0.81 0.36 98.26
2575 2527 0.58 0.81 0.36 98.26
0.58 0.81 0.36 98.26
2576 2528 0.58 0.81 0.36 98.26
0.58 0.81 0.36 98.26
2577 2529 0.58 0.81 0.36 98.26
0.58 0.81 0.36 98.26
2578 2530 0.58 0.81 0.36 98.26
0.58 0.81 0.36 98.26
2579 2531 0.58 0.81 0.36 98.26
0.58 0.81 0.36 98.26
2580 2532 0.58 0.81 0.36 98.25
0.58 0.81 0.36 98.25
2581 2533 0.58 0.81 0.36 98.25
0.58 0.81 0.36 98.25
2582 2534 0.58 0.81 0.36 98.25
0.58 0.81 0.36 98.25
2583 2535 0.58 0.81 0.36 98.25
0.58 0.81 0.36 98.25
2585 2537 0.58 0.81 0.36 98.25
0.58 0.81 0.36 98.25
2586 2538 0.58 0.81 0.36 98.25
0.58 0.81 0.36 98.25
2539 2587 0.58 0.81 0.36 98.25
0.58 0.81 0.36 98.25
2540 2588 0.58 0.81 0.36 98.25
0.58 0.81 0.36 98.25
2541 2589 0.58 0.81 0.36 98.25
0.58 0.81 0.36 98.25
2542 2590 0.58 0.81 0.36 98.25
0.58 0.81 0.36 98.25
2543 2591 0.58 0.81 0.36 98.25
0.58 0.81 0.36 98.25
2544 2592 0.58 0.81 0.36 98.25
0.58 0.81 0.36 98.25
2545 2593 0.58 0.81 0.36 98.25
0.58 0.81 0.36 98.25
2546 2594 0.58 0.81 0.36 98.25
0.58 0.81 0.36 98.25
2595 2547 0.58 0.81 0.36 98.25
0.58 0.81 0.36 98.25
2597 2549 0.58 0.81 0.36 98.25
0.58 0.81 0.36 98.25
2550 2598 0.58 0.81 0.36 98.25
0.58 0.81 0.36 98.25
2551 2599 0.58 0.81 0.36 98.25
0.58 0.81 0.36 98.25
2600 2552 0.58 0.81 0.36 98.25
0.58 0.81 0.36 98.25
2601 2553 0.58 0.81 0.36 98.25
0.58 0.81 0.36 98.25
2602 2554 0.58 0.81 0.36 98.25
0.58 0.81 0.36 98.25
2555 2603 0.58 0.81 0.36 98.25
0.58 0.81 0.36 98.25
2556 2604 0.58 0.81 0.36 98.25
0.58 0.81 0.36 98.25
2557 2605 0.58 0.81 0.36 98.25
0.58 0.81 0.36 98.25
2558 2606 0.58 0.81 0.36 98.25
0.58 0.81 0.36 98.25
2560 2608 0.58 0.81 0.36 98.25
0.58 0.81 0.36 98.25
2561 2609 0.58 0.81 0.36 98.25
0.58 0.81 0.36 98.25
2562 2610 0.58 0.81 0.36 98.25
0.58 0.81 0.36 98.25
2563 2611 0.58 0.81 0.36 98.25
0.58 0.81 0.36 98.25
2564 0.58 0.81 0.36 98.25
2612 0.58 0.81 0.36 98.25
2565 2613 0.58 0.81 0.36 98.25
0.58 0.81 0.36 98.25
2566 2614 0.58 0.81 0.35 98.25
0.58 0.81 0.35 98.25
2567 2615 0.58 0.81 0.35 98.25
0.58 0.81 0.35 98.25
2568 2616 0.58 0.81 0.35 98.25
0.58 0.81 0.35 98.25
2617 2569 0.58 0.81 0.35 98.25
0.58 0.81 0.35 98.25
2570 2618 0.58 0.81 0.35 98.25
0.58 0.81 0.35 98.25
2572 2620 0.58 0.81 0.35 98.25
0.58 0.81 0.35 98.25
2573 2621 0.58 0.82 0.35 98.25
0.58 0.82 0.35 98.25
2574 0.58 0.82 0.35 98.25
2622 0.58 0.82 0.35 98.25
2575 2623 0.58 0.82 0.35 98.25
0.58 0.82 0.35 98.25
2576 2624 0.58 0.82 0.35 98.25
0.58 0.82 0.35 98.25
2577 2625 0.58 0.82 0.35 98.25
0.58 0.82 0.35 98.25
2578 2626 0.58 0.82 0.35 98.25
0.58 0.82 0.35 98.25
2627 2579 0.58 0.82 0.35 98.25
0.58 0.82 0.35 98.25
2580 2628 0.58 0.82 0.35 98.25
0.58 0.82 0.35 98.25
2581 2629 0.58 0.82 0.35 98.25
0.58 0.82 0.35 98.25
2631 2583 0.58 0.82 0.35 98.25
0.58 0.82 0.35 98.25
2632 2584 0.58 0.82 0.35 98.25
0.58 0.82 0.35 98.25
2633 2585 0.58 0.82 0.35 98.25
0.58 0.82 0.35 98.25
2634 2586 0.58 0.82 0.35 98.25
0.58 0.82 0.35 98.25
2635 2587 0.58 0.82 0.35 98.25
0.58 0.82 0.35 98.25
2636 2588 0.58 0.82 0.35 98.25
0.58 0.82 0.35 98.25
2637 2589 0.58 0.82 0.35 98.25
0.58 0.82 0.35 98.25
2590 2638 0.58 0.82 0.35 98.25
0.58 0.82 0.35 98.25
2591 2639 0.58 0.82 0.35 98.25
0.58 0.82 0.35 98.25
2592 2640 0.58 0.82 0.35 98.24
0.58 0.82 0.35 98.24
2593 2641 0.58 0.82 0.35 98.24
0.58 0.82 0.35 98.24
2643 2595 0.58 0.82 0.35 98.24
0.58 0.82 0.35 98.24
2644 0.58 0.82 0.35 98.24
2596 0.58 0.82 0.35 98.24
2645 0.58 0.82 0.35 98.24
2597 0.58 0.82 0.35 98.24
2646 0.58 0.82 0.35 98.24
2598 0.58 0.82 0.35 98.24
2647 0.58 0.82 0.35 98.24
2599 0.58 0.82 0.35 98.24
2648 2600 0.58 0.82 0.35 98.24
0.58 0.82 0.35 98.24
2649 2601 0.58 0.82 0.35 98.24
0.58 0.82 0.35 98.24
2650 2602 0.58 0.82 0.35 98.24
0.58 0.82 0.35 98.24
2651 2603 0.58 0.82 0.35 98.24
0.58 0.82 0.35 98.24
2652 2604 0.58 0.82 0.35 98.24
0.58 0.82 0.35 98.24
2606 2654 0.58 0.82 0.35 98.24
0.58 0.82 0.35 98.24
2607 2655 0.58 0.82 0.35 98.24
0.58 0.82 0.35 98.24
2656 2608 0.58 0.82 0.35 98.24
0.58 0.82 0.35 98.24
2609 2657 0.58 0.82 0.35 98.24
0.58 0.82 0.35 98.24
2610 2658 0.58 0.82 0.35 98.24
0.58 0.82 0.35 98.24
2611 2659 0.58 0.82 0.35 98.24
0.58 0.82 0.35 98.24
2612 2660 0.58 0.82 0.35 98.24
0.58 0.82 0.35 98.24
2613 0.58 0.82 0.35 98.24
2661 0.58 0.82 0.35 98.24
2614 0.58 0.82 0.35 98.24
2662 0.58 0.82 0.35 98.24
2615 0.58 0.82 0.36 98.24
2663 0.58 0.82 0.36 98.24
2616 0.58 0.82 0.36 98.24
2664 0.58 0.82 0.36 98.24
2617 0.58 0.82 0.36 98.24
2665 0.58 0.82 0.36 98.24
2618 0.58 0.82 0.36 98.24
2666 0.58 0.82 0.36 98.24
2619 0.58 0.82 0.36 98.24
2667 0.58 0.82 0.36 98.24
2621 2669 0.58 0.82 0.36 98.23
0.58 0.82 0.36 98.23
2670 2622 0.58 0.82 0.36 98.23
0.58 0.82 0.36 98.23
2671 2623 0.58 0.82 0.36 98.23
0.58 0.82 0.36 98.23
2672 0.58 0.83 0.36 98.23
2624 0.58 0.83 0.36 98.23
2673 2625 0.58 0.83 0.36 98.23
0.58 0.83 0.36 98.23
2674 2626 0.58 0.83 0.36 98.23
0.58 0.83 0.36 98.23
2675 2627 0.58 0.83 0.36 98.23
0.58 0.83 0.36 98.23
2676 2628 0.58 0.83 0.36 98.23
0.58 0.83 0.36 98.23
2677 0.58 0.83 0.36 98.22
2629 0.58 0.83 0.36 98.22
2678 2630 0.58 0.83 0.36 98.22
0.58 0.83 0.36 98.22
2679 2631 0.58 0.83 0.36 98.22
0.58 0.83 0.36 98.22
2633 2681 0.58 0.83 0.37 98.22
0.58 0.83 0.37 98.22
2682 2634 0.58 0.83 0.37 98.22
0.58 0.83 0.37 98.22
2683 2635 0.58 0.83 0.37 98.22
0.58 0.83 0.37 98.22
2636 2684 0.58 0.83 0.37 98.21
0.58 0.83 0.37 98.21
2691 2643 0.58 0.83 0.39 98.19
0.58 0.83 0.39 98.19
2692 2644 0.58 0.83 0.39 98.19
0.58 0.83 0.39 98.19
2693 0.58 0.83 0.39 98.19
2645 0.58 0.83 0.39 98.19
2694 2646 0.58 0.83 0.39 98.19
0.58 0.83 0.39 98.19
2695 2647 0.58 0.83 0.39 98.19
0.58 0.83 0.39 98.19
2648 2696 0.58 0.83 0.39 98.19
0.58 0.83 0.39 98.19
2649 2697 0.58 0.83 0.39 98.19
0.58 0.83 0.39 98.19
2650 0.58 0.83 0.39 98.19
2698 0.58 0.83 0.39 98.19
2652 0.58 0.83 0.39 98.19
2700 0.58 0.83 0.39 98.19
2653 0.58 0.83 0.40 98.18
2701 0.58 0.83 0.40 98.18
2654 2702 0.58 0.83 0.40 98.18
0.58 0.83 0.40 98.18
2655 2703 0.58 0.83 0.40 98.18
0.58 0.83 0.40 98.18
2656 2704 0.58 0.83 0.40 98.18
0.58 0.83 0.40 98.18
2705 2657 0.58 0.83 0.40 98.18
0.58 0.83 0.40 98.18
2660 2708 0.58 0.83 0.40 98.18
0.58 0.83 0.40 98.18
2661 2709 0.58 0.83 0.40 98.17
0.58 0.83 0.40 98.17
2662 2710 0.58 0.83 0.40 98.17
0.58 0.83 0.40 98.17
2663 2711 0.58 0.83 0.41 98.17
0.58 0.83 0.41 98.17
2664 0.58 0.83 0.41 98.17
2712 0.58 0.83 0.41 98.17
2665 2713 0.58 0.83 0.41 98.17
0.58 0.83 0.41 98.17
2666 2714 0.58 0.83 0.41 98.17
0.58 0.83 0.41 98.17
2667 2715 0.58 0.83 0.41 98.17
0.58 0.83 0.41 98.17
2668 2716 0.58 0.83 0.41 98.17
0.58 0.83 0.41 98.17
2670 2718 0.58 0.84 0.41 98.17
0.58 0.84 0.41 98.17
2671 2719 0.58 0.84 0.41 98.16
0.58 0.84 0.41 98.16
2672 2720 0.58 0.84 0.41 98.16
0.58 0.84 0.41 98.16
2673 2721 0.58 0.84 0.41 98.16
0.58 0.84 0.41 98.16
2674 2722 0.58 0.84 0.41 98.16
0.58 0.84 0.41 98.16
2726 2678 0.59 0.84 0.42 98.15
0.59 0.84 0.42 98.15
2727 2679 0.59 0.84 0.43 98.15
0.59 0.84 0.43 98.15
2728 2680 0.59 0.84 0.43 98.15
0.59 0.84 0.43 98.15
2730 2682 0.59 0.84 0.43 98.14
0.59 0.84 0.43 98.14
2683 2731 0.59 0.84 0.43 98.14
0.59 0.84 0.43 98.14
2684 2732 0.59 0.84 0.43 98.14
0.59 0.84 0.43 98.14
2685 2733 0.59 0.84 0.43 98.14
0.59 0.84 0.43 98.14
2686 2734 0.59 0.84 0.44 98.14
0.59 0.84 0.44 98.14
2687 2735 0.59 0.84 0.44 98.14
0.59 0.84 0.44 98.14
2688 2736 0.59 0.84 0.44 98.13
0.59 0.84 0.44 98.13
2689 0.59 0.84 0.44 98.13
2737 0.59 0.84 0.44 98.13
2691 2739 0.59 0.84 0.44 98.13
0.59 0.84 0.44 98.13
2740 2692 0.59 0.84 0.44 98.13
0.59 0.84 0.44 98.13
2694 2742 0.59 0.84 0.44 98.13
0.59 0.84 0.44 98.13
2695 2743 0.59 0.84 0.44 98.13
0.59 0.84 0.44 98.13
2696 2744 0.59 0.84 0.44 98.12
0.59 0.84 0.44 98.12
2746 2698 0.59 0.84 0.45 98.12
0.59 0.84 0.45 98.12
2747 2699 0.59 0.84 0.45 98.12
0.59 0.84 0.45 98.12
2749 0.59 0.84 0.45 98.12
2701 0.59 0.84 0.45 98.12
2750 2702 0.59 0.84 0.45 98.12
0.59 0.84 0.45 98.12
2758 0.59 0.84 0.47 98.10
2710 0.59 0.84 0.47 98.10
2759 0.59 0.84 0.47 98.10
2711 0.59 0.84 0.47 98.10
2760 0.59 0.84 0.47 98.10
2712 0.59 0.84 0.47 98.10
2766 2718 0.59 0.84 0.48 98.08
0.59 0.84 0.48 98.08
2771 2723 0.59 0.84 0.49 98.07
0.59 0.84 0.49 98.07
2772 2724 0.59 0.84 0.50 98.07
0.59 0.84 0.50 98.07
2773 2725 0.59 0.84 0.50 98.07
0.59 0.84 0.50 98.07
2774 0.59 0.84 0.50 98.07
2726 0.59 0.84 0.50 98.07
2775 0.59 0.84 0.50 98.06
2727 0.59 0.84 0.50 98.06
2776 0.59 0.84 0.50 98.06
2728 0.59 0.84 0.50 98.06
2777 0.59 0.84 0.50 98.06
2729 0.59 0.84 0.50 98.06
2778 0.59 0.84 0.51 98.06
2730 0.59 0.84 0.51 98.06
2780 0.59 0.84 0.51 98.06
2732 0.59 0.84 0.51 98.06
2781 0.59 0.84 0.51 98.06
2733 0.59 0.84 0.51 98.06
2738 2786 0.59 0.84 0.52 98.04
0.59 0.84 0.52 98.04
2739 2787 0.59 0.84 0.52 98.04
0.59 0.84 0.52 98.04
2740 2788 0.59 0.84 0.52 98.04
0.59 0.84 0.52 98.04
2789 2741 0.59 0.84 0.53 98.04
0.59 0.84 0.53 98.04
2790 0.59 0.85 0.53 98.04
2742 0.59 0.85 0.53 98.04
2791 2743 0.59 0.85 0.53 98.04
0.59 0.85 0.53 98.04
2745 2793 0.59 0.85 0.53 98.03
0.59 0.85 0.53 98.03
2746 2794 0.59 0.85 0.53 98.03
0.59 0.85 0.53 98.03
2747 2795 0.59 0.85 0.53 98.03
0.59 0.85 0.53 98.03
2748 2796 0.59 0.85 0.53 98.03
0.59 0.85 0.53 98.03
2749 2797 0.59 0.85 0.53 98.03
0.59 0.85 0.53 98.03
2798 2750 0.59 0.85 0.53 98.03
0.59 0.85 0.53 98.03
2751 2799 0.59 0.85 0.54 98.03
0.59 0.85 0.54 98.03
2753 2801 0.59 0.85 0.54 98.02
0.59 0.85 0.54 98.02
2754 0.59 0.85 0.54 98.02
2802 0.59 0.85 0.54 98.02
2755 0.59 0.85 0.54 98.02
2803 0.59 0.85 0.54 98.02
2756 0.59 0.85 0.54 98.02
2804 0.59 0.85 0.54 98.02
2757 0.59 0.85 0.54 98.02
2805 0.59 0.85 0.54 98.02
2758 0.59 0.85 0.54 98.02
2806 0.59 0.85 0.54 98.02
2759 0.59 0.85 0.54 98.02
2807 0.59 0.85 0.54 98.02
2761 2809 0.59 0.85 0.55 98.01
0.59 0.85 0.55 98.01
2810 2762 0.59 0.85 0.55 98.01
0.59 0.85 0.55 98.01
2811 2763 0.59 0.85 0.55 98.01
0.59 0.85 0.55 98.01
2812 2764 0.59 0.85 0.55 98.01
0.59 0.85 0.55 98.01
2813 2765 0.59 0.85 0.55 98.01
0.59 0.85 0.55 98.01
2769 2817 0.59 0.85 0.56 98.00
0.59 0.85 0.56 98.00
2770 0.59 0.85 0.56 98.00
2818 0.59 0.85 0.56 98.00
2771 0.59 0.85 0.56 98.00
2819 0.59 0.85 0.56 98.00
2821 2773 0.59 0.85 0.56 97.99
0.59 0.85 0.56 97.99
2822 2774 0.59 0.85 0.56 97.99
0.59 0.85 0.56 97.99
2775 2823 0.59 0.85 0.56 97.99
0.59 0.85 0.56 97.99
2778 2826 0.59 0.85 0.57 97.99
0.59 0.85 0.57 97.99
2779 2827 0.59 0.85 0.57 97.99
0.59 0.85 0.57 97.99
2780 2828 0.59 0.85 0.57 97.99
0.59 0.85 0.57 97.99
2781 2829 0.59 0.85 0.57 97.98
0.59 0.85 0.57 97.98
2830 2782 0.59 0.85 0.57 97.98
0.59 0.85 0.57 97.98
2785 2833 0.59 0.85 0.58 97.98
0.59 0.85 0.58 97.98
2786 2834 0.59 0.85 0.58 97.97
0.59 0.85 0.58 97.97
2835 2787 0.59 0.85 0.58 97.97
0.59 0.85 0.58 97.97
2837 2789 0.59 0.85 0.59 97.97
0.59 0.85 0.59 97.97
2838 2790 0.59 0.85 0.59 97.97
0.59 0.85 0.59 97.97
2839 2791 0.59 0.85 0.59 97.97
0.59 0.85 0.59 97.97
2840 2792 0.59 0.85 0.59 97.96
0.59 0.85 0.59 97.96
2794 2842 0.59 0.85 0.59 97.96
0.59 0.85 0.59 97.96
2843 2795 0.59 0.85 0.60 97.96
0.59 0.85 0.60 97.96
2796 2845 0.59 0.85 0.60 97.95
0.59 0.85 0.60 97.95
2798 2846 0.59 0.85 0.60 97.95
0.59 0.85 0.60 97.95
2799 2847 0.59 0.85 0.60 97.95
0.59 0.85 0.60 97.95
2800 0.59 0.85 0.60 97.95
2848 0.59 0.85 0.60 97.95
2801 0.59 0.86 0.60 97.95
2849 0.59 0.86 0.60 97.95
2802 0.59 0.86 0.60 97.95
2850 0.59 0.86 0.60 97.95
2803 0.59 0.86 0.61 97.94
2855 0.59 0.86 0.61 97.94
2809 0.59 0.86 0.62 97.93
2857 0.59 0.86 0.62 97.93
2858 0.59 0.86 0.62 97.93
2810 0.59 0.86 0.62 97.93
2860 0.59 0.86 0.62 97.93
2812 0.59 0.86 0.62 97.93
2862 2814 0.59 0.86 0.62 97.93
0.59 0.86 0.62 97.93
2863 2815 0.59 0.86 0.62 97.92
0.59 0.86 0.62 97.92
2864 2816 0.59 0.86 0.63 97.92
0.59 0.86 0.63 97.92
2865 2817 0.59 0.86 0.63 97.92
0.59 0.86 0.63 97.92
2866 2818 0.59 0.86 0.63 97.92
0.59 0.86 0.63 97.92
2821 2869 0.59 0.86 0.63 97.92
0.59 0.86 0.63 97.92
2822 0.59 0.86 0.63 97.91
2870 0.59 0.86 0.63 97.91
2823 0.59 0.86 0.63 97.91
2871 0.59 0.86 0.63 97.91
2872 2824 0.59 0.86 0.64 97.91
0.59 0.86 0.64 97.91
2873 0.59 0.86 0.64 97.91
2825 0.59 0.86 0.64 97.91
2826 2874 0.59 0.86 0.64 97.91
0.59 0.86 0.64 97.91
2827 0.59 0.86 0.64 97.91
2875 0.59 0.86 0.64 97.91
2829 2877 0.59 0.86 0.64 97.91
0.59 0.86 0.64 97.91
2881 2833 0.59 0.86 0.65 97.90
0.59 0.86 0.65 97.90
2882 0.59 0.86 0.65 97.90
2834 0.59 0.86 0.65 97.90
2837 2885 0.59 0.86 0.66 97.89
0.59 0.86 0.66 97.89
2838 2886 0.59 0.86 0.66 97.89
0.59 0.86 0.66 97.89
2840 2888 0.59 0.86 0.66 97.89
0.59 0.86 0.66 97.89
2841 0.59 0.86 0.66 97.88
2889 0.59 0.86 0.66 97.88
2842 0.59 0.86 0.66 97.88
2890 0.59 0.86 0.66 97.88
2843 0.59 0.86 0.66 97.88
2891 0.59 0.86 0.66 97.88
2844 0.59 0.86 0.66 97.88
2892 0.59 0.86 0.66 97.88
2845 0.59 0.86 0.66 97.88
2893 0.59 0.86 0.66 97.88
2846 0.59 0.86 0.67 97.88
2894 0.59 0.86 0.67 97.88
2896 2848 0.59 0.86 0.67 97.88
0.59 0.86 0.67 97.88
2849 2897 0.59 0.86 0.67 97.87
0.59 0.86 0.67 97.87
2850 2898 0.59 0.86 0.67 97.87
0.59 0.86 0.67 97.87
2851 2899 0.59 0.86 0.67 97.87
0.59 0.86 0.67 97.87
2856 2904 0.59 0.86 0.69 97.85
0.59 0.86 0.69 97.85
2911 2863 0.59 0.86 0.70 97.84
0.59 0.86 0.70 97.84
2912 2864 0.59 0.86 0.70 97.84
0.59 0.86 0.70 97.84
2913 2865 0.59 0.86 0.70 97.84
0.59 0.86 0.70 97.84
2914 2866 0.59 0.86 0.70 97.84
0.59 0.86 0.70 97.84
2915 2867 0.59 0.86 0.71 97.84
0.59 0.86 0.71 97.84
2871 2919 0.59 0.86 0.71 97.83
0.59 0.86 0.71 97.83
2873 2921 0.59 0.86 0.71 97.83
0.59 0.86 0.71 97.83
2875 2923 0.59 0.86 0.72 97.82
0.59 0.86 0.72 97.82
2876 2924 0.59 0.86 0.72 97.82
0.59 0.86 0.72 97.82
2877 2925 0.59 0.86 0.72 97.82
0.59 0.86 0.72 97.82
2878 2926 0.59 0.87 0.72 97.82
0.59 0.87 0.72 97.82
2929 0.59 0.87 0.73 97.81
2881 0.59 0.87 0.73 97.81
2930 0.59 0.87 0.73 97.81
2882 0.59 0.87 0.73 97.81
2931 2883 0.59 0.87 0.73 97.81
0.59 0.87 0.73 97.81
2932 0.59 0.87 0.73 97.81
2886 0.59 0.87 0.73 97.80
2888 2936 0.59 0.87 0.74 97.80
0.59 0.87 0.74 97.80
2889 2937 0.59 0.87 0.74 97.80
0.59 0.87 0.74 97.80
2890 2938 0.59 0.87 0.74 97.79
0.59 0.87 0.74 97.79
2891 2939 0.59 0.87 0.74 97.79
0.59 0.87 0.74 97.79
2892 2940 0.59 0.87 0.75 97.79
0.59 0.87 0.75 97.79
2893 2941 0.59 0.87 0.75 97.79
0.59 0.87 0.75 97.79
2904 2952 0.59 0.87 0.78 97.76
0.59 0.87 0.78 97.76
2905 2953 0.59 0.87 0.78 97.75
0.59 0.87 0.78 97.75
2906 2954 0.59 0.87 0.78 97.75
0.59 0.87 0.78 97.75
2907 2955 0.59 0.87 0.79 97.75
0.59 0.87 0.79 97.75
2908 2956 0.59 0.87 0.79 97.75
0.59 0.87 0.79 97.75
2958 0.59 0.87 0.80 97.74
2910 0.59 0.87 0.80 97.74
2960 0.59 0.87 0.80 97.74
2912 0.59 0.87 0.80 97.74
2961 0.59 0.87 0.80 97.74
2913 0.59 0.87 0.80 97.74
2962 0.59 0.87 0.80 97.73
2914 0.59 0.87 0.80 97.73
2963 0.59 0.87 0.80 97.73
2915 0.59 0.87 0.80 97.73
2964 0.59 0.87 0.80 97.73
2916 0.59 0.87 0.80 97.73
2965 0.59 0.87 0.81 97.73
2918 0.59 0.87 0.81 97.73
2967 0.59 0.87 0.81 97.72
2919 0.59 0.87 0.81 97.72
2968 0.59 0.87 0.81 97.72
2920 0.59 0.87 0.81 97.72
2969 0.59 0.87 0.81 97.72
2921 0.59 0.87 0.81 97.72
2970 0.59 0.87 0.82 97.71
2922 0.59 0.87 0.82 97.71
2971 2923 0.59 0.87 0.82 97.71
0.59 0.87 0.82 97.71
2924 2972 0.59 0.87 0.82 97.71
0.59 0.87 0.82 97.71
2932 2980 0.59 0.87 0.85 97.68
0.59 0.87 0.85 97.68
2933 2981 0.59 0.87 0.85 97.68
0.59 0.87 0.85 97.68
2934 2982 0.59 0.87 0.85 97.68
0.59 0.87 0.85 97.68
2988 0.59 0.87 0.87 97.66
2940 0.59 0.87 0.87 97.66
2989 2941 0.59 0.87 0.87 97.66
0.59 0.87 0.87 97.66
2990 2942 0.59 0.87 0.87 97.66
0.59 0.87 0.87 97.66
2944 2992 0.59 0.87 0.87 97.66
0.59 0.87 0.87 97.66
2945 0.59 0.87 0.87 97.66
2993 0.59 0.87 0.87 97.66
2948 2996 0.59 0.87 0.88 97.65
0.59 0.87 0.88 97.65
2997 2949 0.59 0.87 0.88 97.65
0.59 0.87 0.88 97.65
2998 2950 0.59 0.87 0.88 97.65
0.59 0.87 0.88 97.65
2963 0.59 0.87 0.91 97.62
3011 0.59 0.87 0.91 97.62
2964 3012 0.59 0.87 0.91 97.61
0.59 0.87 0.91 97.61
2965 3013 0.59 0.87 0.91 97.61
0.59 0.87 0.91 97.61
2966 3014 0.59 0.87 0.92 97.61
0.59 0.87 0.92 97.61
2968 3016 0.59 0.87 0.92 97.61
0.59 0.87 0.92 97.61
2970 3018 0.59 0.87 0.92 97.60
0.59 0.87 0.92 97.60
2971 3019 0.59 0.87 0.92 97.60
0.59 0.87 0.92 97.60
3020 2972 0.59 0.87 0.92 97.60
0.59 0.87 0.92 97.60
3022 0.59 0.88 0.93 97.60
2974 0.59 0.88 0.93 97.60
3023 0.59 0.88 0.93 97.60
2975 0.59 0.88 0.93 97.60
3024 0.59 0.88 0.93 97.60
2976 0.59 0.88 0.93 97.60
3025 0.59 0.88 0.93 97.60
2977 0.59 0.88 0.93 97.60
3026 0.59 0.88 0.93 97.60
2978 0.59 0.88 0.93 97.60
3033 2985 0.59 0.88 0.95 97.58
0.59 0.88 0.95 97.58
2986 3034 0.59 0.88 0.95 97.58
0.59 0.88 0.95 97.58
2987 3035 0.59 0.88 0.95 97.58
0.59 0.88 0.95 97.58
2988 3036 0.59 0.88 0.95 97.58
0.59 0.88 0.95 97.58
3038 0.59 0.88 0.95 97.58
2990 0.59 0.88 0.95 97.58
3039 0.59 0.88 0.95 97.57
2991 0.59 0.88 0.95 97.57
3040 0.59 0.88 0.95 97.57
2992 0.59 0.88 0.95 97.57
3041 0.59 0.88 0.95 97.57
2993 0.59 0.88 0.95 97.57
3042 0.59 0.88 0.95 97.57
2994 0.59 0.88 0.95 97.57
3057 3009 0.59 0.88 0.99 97.54
0.59 0.88 0.99 97.54
3058 3010 0.59 0.88 0.99 97.53
0.59 0.88 0.99 97.53
3060 3012 0.59 0.88 0.99 97.53
0.59 0.88 0.99 97.53
3013 3061 0.59 0.88 0.99 97.53
0.59 0.88 0.99 97.53
3064 3016 0.59 0.88 1.00 97.52
0.59 0.88 1.00 97.52
3065 3017 0.59 0.88 1.00 97.52
0.59 0.88 1.00 97.52
3066 3018 0.59 0.88 1.00 97.52
0.59 0.88 1.00 97.52
3081 0.59 0.88 1.05 97.47
3033 0.59 0.88 1.05 97.47
3082 3034 0.59 0.88 1.05 97.47
0.59 0.88 1.05 97.47
3083 3035 0.59 0.88 1.05 97.47
0.59 0.88 1.05 97.47
3085 3037 0.59 0.88 1.05 97.47
0.59 0.88 1.05 97.47
3086 3038 0.59 0.88 1.05 97.47
0.59 0.88 1.05 97.47
3044 3092 0.59 0.88 1.07 97.45
0.59 0.88 1.07 97.45
3045 3093 0.59 0.88 1.07 97.45
0.59 0.88 1.07 97.45
3046 3094 0.59 0.88 1.07 97.45
0.59 0.88 1.07 97.45
3048 3096 0.59 0.88 1.07 97.45
0.59 0.88 1.07 97.45
3049 3097 0.59 0.88 1.07 97.45
0.59 0.88 1.07 97.45
3054 3102 0.59 0.88 1.08 97.44
0.59 0.88 1.08 97.44
3055 3103 0.59 0.88 1.08 97.44
0.59 0.88 1.08 97.44
3056 3104 0.59 0.88 1.08 97.44
0.59 0.88 1.08 97.44
3057 3105 0.59 0.88 1.08 97.44
0.59 0.88 1.08 97.44
3058 0.59 0.88 1.09 97.43
3106 0.59 0.88 1.09 97.43
3060 3108 0.59 0.88 1.09 97.43
0.59 0.88 1.09 97.43
3061 3109 0.59 0.88 1.09 97.43
0.59 0.88 1.09 97.43
3063 0.59 0.88 1.09 97.43
3111 0.59 0.88 1.09 97.43
3064 0.59 0.88 1.09 97.43
3112 0.59 0.88 1.09 97.43
3065 0.59 0.88 1.09 97.43
3113 0.59 0.88 1.09 97.43
3120 3072 0.59 0.88 1.11 97.41
0.59 0.88 1.11 97.41
3073 3121 0.59 0.88 1.11 97.41
0.59 0.88 1.11 97.41
3074 3122 0.59 0.88 1.11 97.40
0.59 0.88 1.11 97.40
3075 0.59 0.88 1.11 97.40
3123 0.59 0.88 1.11 97.40
3076 0.59 0.88 1.11 97.40
3124 0.59 0.88 1.11 97.40
3077 0.59 0.88 1.11 97.40
3125 0.59 0.88 1.11 97.40
3079 3127 0.59 0.88 1.12 97.40
0.59 0.88 1.12 97.40
3080 3128 0.59 0.88 1.12 97.40
0.59 0.88 1.12 97.40
3081 3129 0.59 0.88 1.12 97.40
0.59 0.88 1.12 97.40
3082 0.59 0.88 1.12 97.39
3130 0.59 0.88 1.12 97.39
3083 0.59 0.88 1.12 97.39
3131 0.59 0.88 1.12 97.39
3135 3087 0.59 0.88 1.13 97.39
0.59 0.88 1.13 97.39
3136 3088 0.59 0.89 1.13 97.38
0.59 0.89 1.13 97.38
3137 3089 0.59 0.89 1.13 97.38
0.59 0.89 1.13 97.38
3138 3090 0.59 0.89 1.13 97.38
0.59 0.89 1.13 97.38
3139 3091 0.59 0.89 1.13 97.38
0.59 0.89 1.13 97.38
3140 3092 0.59 0.89 1.13 97.38
0.59 0.89 1.13 97.38
3142 3094 0.59 0.89 1.13 97.38
0.59 0.89 1.13 97.38
3147 3099 0.59 0.89 1.15 97.37
0.59 0.89 1.15 97.37
3106 3154 0.59 0.89 1.16 97.35
0.59 0.89 1.16 97.35
3107 3155 0.59 0.89 1.16 97.35
0.59 0.89 1.16 97.35
3108 3156 0.59 0.89 1.16 97.35
0.59 0.89 1.16 97.35
3109 3157 0.59 0.89 1.16 97.35
0.59 0.89 1.16 97.35
3110 3158 0.59 0.89 1.16 97.35
0.59 0.89 1.16 97.35
3161 3113 0.59 0.89 1.17 97.35
0.59 0.89 1.17 97.35
3162 3114 0.59 0.89 1.17 97.35
0.59 0.89 1.17 97.35
3163 3115 0.59 0.89 1.17 97.35
0.59 0.89 1.17 97.35
3175 3127 0.59 0.89 1.19 97.33
0.59 0.89 1.19 97.33
