1 54.0
2054 2006 54.0
54.0
2 53.5
2007 2055 54.5
54.5
3 53.5
2056 2008 53.5
53.5
5 53.5
2010 2058 6 53.0
53.0
53.0
2011 7 2059 53.5
53.5
53.5
8 2060 53.0
2012 54.0
54.0
9 2061 2013 54.0
54.0
54.0
10 2014 2062 55.0
55.0
55.0
11 2015 2063 54.0
54.5
54.5
12 55.0
2016 2065 56.0
56.0
14 57.9
2066 2018 57.4
57.9
15 58.9
2067 58.9
2019 57.9
16 59.4
2068 2020 59.9
58.9
17 59.4
2069 2021 60.8
60.3
18 60.3
2070 2022 60.3
60.8
19 60.3
2071 60.8
2023 62.3
20 61.3
2072 61.8
2024 61.8
21 62.8
2074 61.3
2026 62.8
22 61.8
2075 61.3
2027 61.8
24 61.8
2076 62.8
2028 62.8
25 62.3
2077 63.3
2029 63.3
26 63.7
2078 62.3
2030 63.3
27 62.8
2079 62.8
2031 63.3
28 63.7
2080 2032 62.8
62.8
29 63.7
2033 2081 63.7
63.7
30 63.3
2034 63.7
2082 63.7
31 63.3
2036 64.2
2084 63.3
33 64.2
2037 62.8
2085 64.2
34 63.3
2038 64.2
2086 63.3
35 64.7
2039 63.7
2087 63.7
36 65.2
2040 64.2
2092 62.8
41 62.8
2045 62.3
2093 62.8
42 62.8
2047 61.8
2095 61.3
43 61.3
2048 2096 60.3
61.3
44 61.3
2049 2097 61.8
61.8
45 61.3
2052 48 2100 60.8
59.9
59.9
2053 60.8
2101 49 60.8
60.8
2054 59.9
2102 50 59.4
59.4
2055 57.9
51 2103 57.9
58.4
2056 52 2104 57.9
58.9
58.9
2057 2105 53 57.4
57.4
57.9
2058 2106 54 57.4
57.4
57.4
2059 55 2107 56.4
57.9
57.9
2060 56 2108 57.4
57.9
57.9
58 2062 2110 57.4
57.4
57.4
59 2063 2111 56.9
56.9
56.9
60 2064 2112 56.4
56.4
56.4
61 2065 2113 56.0
56.0
56.4
62 2066 2114 56.9
56.0
56.0
63 2067 2115 55.5
55.5
55.5
64 2116 2068 56.4
56.4
56.4
65 2117 2069 56.0
56.4
56.4
66 2118 55.5
55.5
2070 55.0
67 2119 56.0
2071 56.0
56.0
2073 2121 69 56.0
56.0
56.4
2074 2122 70 56.0
56.4
56.4
2075 2123 71 55.5
55.5
55.0
2076 2124 72 56.0
56.0
56.0
2077 2125 73 56.4
56.4
55.0
2078 2126 74 56.4
56.4
56.4
2079 2127 75 56.0
56.0
56.0
2080 2128 76 56.0
56.0
56.0
2129 2082 78 54.5
54.5
54.5
2083 2131 79 55.0
55.0
55.0
2084 80 2132 54.0
54.0
56.0
2085 81 2133 55.0
55.0
55.0
82 2086 2134 55.0
55.0
55.5
83 2087 2135 55.5
55.0
55.0
84 2136 2088 55.0
55.0
54.5
85 2089 2137 55.5
54.5
55.5
86 2090 2138 55.5
55.5
55.5
87 2091 2139 55.0
55.5
55.5
89 2093 2141 54.0
54.0
54.0
90 2142 2094 55.0
54.5
54.5
91 2143 2095 54.5
54.5
54.5
2144 92 2096 54.5
54.5
55.0
2145 93 2097 55.5
55.5
55.5
2146 2098 94 54.5
55.0
55.0
2147 2099 95 54.0
54.0
54.0
2148 2100 96 55.5
55.5
55.5
2101 97 2149 56.0
56.0
56.0
2103 2151 99 55.0
55.0
55.0
2104 2152 100 55.5
55.5
54.5
2105 101 2153 54.5
54.5
54.5
2106 2154 102 54.0
54.0
54.0
2107 103 2155 55.5
55.5
55.5
2108 104 2156 54.5
54.5
54.5
105 2157 2109 54.0
54.0
54.0
106 2158 2110 54.5
55.0
55.0
107 2159 2111 55.0
55.0
55.0
109 2161 2113 54.5
54.5
54.5
110 2114 2162 54.5
54.5
54.0
2115 111 2163 54.5
54.5
54.5
2116 112 2164 54.0
54.0
54.0
2117 113 2165 54.5
54.5
54.5
114 2118 2166 54.5
54.5
54.5
115 2167 2119 55.0
54.0
54.0
116 2168 2120 54.0
54.0
54.0
2169 2121 117 55.0
55.0
55.0
2171 119 2123 55.0
55.0
55.0
2172 120 53.5
2124 55.0
54.0
2173 121 2125 53.5
53.5
55.0
2174 122 2126 55.0
55.0
54.0
2127 2175 123 54.5
54.5
54.5
2128 124 2176 53.5
53.5
53.5
125 2177 2129 55.5
55.5
55.5
126 2178 2130 54.5
54.5
55.0
127 2179 2131 53.5
53.5
55.0
129 2181 55.0
2133 55.0
55.0
130 2182 2134 55.0
55.0
54.5
131 2135 2183 55.0
55.0
55.0
132 54.5
2184 2136 54.5
54.5
133 2185 2137 54.0
54.0
54.0
134 2138 2186 54.0
54.0
54.0
135 2139 2187 55.5
54.5
54.5
136 2140 53.5
2188 55.0
55.0
137 2141 53.5
2189 55.0
55.0
139 2143 2191 54.0
54.0
54.0
140 2144 2192 55.0
54.5
54.5
141 2145 2193 54.0
54.5
54.5
2194 142 2146 55.0
55.0
55.0
2195 143 2147 54.5
54.0
54.0
2148 2196 144 53.5
53.5
53.5
2149 2197 145 55.0
55.0
55.0
2198 2150 146 54.0
54.0
55.0
2151 2199 147 54.5
54.5
54.5
2201 149 2153 54.0
54.0
54.0
2202 150 2154 54.0
54.0
54.5
2203 2155 151 54.0
54.0
55.0
2204 2156 152 55.0
55.0
55.0
2205 2157 153 53.5
55.0
55.0
2206 2158 154 55.0
55.0
55.0
155 2207 2159 55.0
55.0
55.0
2160 2208 156 54.5
54.5
55.0
2161 2209 157 53.5
54.5
54.5
2162 2210 158 54.5
54.5
55.5
2164 160 2212 54.0
54.0
54.0
2165 2213 161 53.5
55.0
55.0
2166 2214 162 54.0
54.5
54.5
2167 2215 163 54.5
54.5
55.0
2168 2216 164 54.0
54.0
54.0
2169 165 2217 55.5
55.5
55.0
2170 166 2218 54.0
54.5
54.5
2171 2219 167 54.0
53.0
53.0
2172 2220 168 55.0
54.0
54.0
2174 2222 170 54.0
54.0
54.0
2175 2223 171 53.5
53.5
53.5
2176 172 2224 55.0
54.5
54.5
173 2177 2225 54.5
54.5
53.5
174 2226 2178 54.5
54.5
54.5
2227 2179 175 53.5
54.0
54.0
2228 176 2180 54.0
54.0
55.0
2229 177 2181 53.5
54.5
54.5
2230 178 2182 53.5
53.5
53.5
180 2232 2184 53.5
53.5
53.5
181 2185 2233 53.0
54.0
54.0
182 2186 53.5
54.5
2234 54.0
183 2187 54.5
2235 54.5
54.5
2188 2236 54.0
184 54.0
54.0
2189 2237 185 53.5
54.5
54.5
2190 2238 54.0
186 53.5
53.5
2191 2239 187 54.0
54.0
54.0
2192 2240 188 54.5
53.5
54.5
2194 190 2242 54.0
53.5
53.5
2195 2243 191 54.0
54.0
54.5
2196 2244 192 55.0
55.0
55.0
2245 2197 193 54.5
54.0
54.0
2246 2198 194 54.0
54.0
53.5
2199 2247 195 54.0
54.0
54.0
2200 196 2248 55.0
52.5
52.5
2201 197 2249 55.0
55.0
54.5
2202 2250 55.0
198 53.5
54.0
2204 2252 200 54.5
54.5
54.0
2205 201 2253 54.0
54.5
54.5
2206 202 2254 54.5
54.5
54.5
2207 203 54.5
2255 54.5
55.0
2208 204 2256 53.5
53.5
53.5
2209 205 2257 54.5
53.5
53.5
2258 206 2210 54.5
54.5
54.5
2259 2211 207 54.0
54.0
54.0
2260 2212 208 55.0
55.0
55.0
209 2213 2262 54.5
54.5
54.5
211 2215 2263 54.0
54.0
54.0
212 2216 2264 54.0
54.0
54.0
213 2265 2217 54.5
54.5
54.5
214 2266 2218 54.5
53.0
53.0
215 2219 2267 54.0
54.0
54.0
2220 2268 216 53.5
53.5
53.5
217 2221 2269 52.5
54.5
54.5
2270 2222 218 54.5
54.5
54.5
2271 2223 220 53.5
54.5
53.5
221 2273 2225 55.0
55.0
55.0
222 2274 2226 54.0
54.0
53.5
223 2275 54.0
2227 53.5
53.5
224 54.5
2276 2228 54.5
54.5
2277 2229 54.0
54.0
2278 2230 55.5
55.5
2279 2231 54.5
54.5
2280 2232 54.5
54.5
2281 2233 54.5
54.5
2234 2282 55.0
55.0
2236 2284 53.0
53.0
2237 2285 53.0
53.0
2238 2286 54.5
54.5
2239 2287 53.5
53.5
2240 2288 54.5
54.5
2241 2289 53.5
53.5
2242 2290 54.0
54.0
2291 2243 54.0
54.0
2292 2244 54.5
53.5
2293 2245 53.5
53.5
2294 2246 54.0
54.0
2296 53.5
2248 54.0
2297 53.5
2249 54.0
2298 54.0
2250 54.0
2299 54.0
2251 54.0
2300 54.5
2252 53.5
2301 54.0
2253 54.0
2302 2254 53.0
53.5
2255 2303 54.5
54.5
2256 2304 53.0
54.0
2257 54.5
2305 53.0
2258 55.5
2306 54.5
2260 53.5
2308 54.5
2261 2309 55.0
53.0
2262 2310 54.5
54.5
2263 2311 54.5
54.5
2264 2312 54.0
54.0
2313 2265 53.5
53.5
2314 2266 53.5
53.5
2315 2267 54.0
54.0
2316 2268 54.5
54.0
2317 2269 54.0
53.0
2318 2270 53.0
53.0
2320 2272 54.0
54.0
2321 2273 53.5
54.0
2322 2274 54.0
54.0
2275 2323 55.0
55.0
2276 2324 55.0
55.0
2277 2325 54.5
54.5
2278 2326 53.5
53.5
2279 2327 54.0
55.5
2280 2328 54.0
54.0
2281 2329 53.5
54.0
2282 2330 54.5
54.5
2332 2284 54.0
54.0
2285 2333 54.5
54.5
2286 2334 54.5
54.0
2287 2335 53.5
53.5
2288 2336 53.0
53.0
2289 2337 54.0
54.0
2290 2338 53.0
53.0
2291 2339 54.5
54.5
2292 2340 53.5
54.5
2293 2341 54.5
54.5
2295 2343 54.0
53.5
2296 2344 54.0
54.5
2297 54.0
2345 55.0
2298 2346 54.5
54.5
2347 2299 55.0
55.0
2348 2300 54.0
54.0
2349 2301 54.0
54.5
2350 2302 54.0
53.5
2351 2303 54.0
53.5
2352 2304 54.5
54.5
2354 2306 53.0
53.0
2355 2307 54.0
54.0
2356 2308 53.0
53.0
2309 2357 54.0
54.0
2310 2358 53.5
53.5
2311 2359 55.0
55.0
2312 2360 54.0
54.0
2313 2361 54.0
54.0
2314 2362 53.5
54.0
2315 2363 53.5
53.5
2316 2364 53.5
53.5
2318 2366 54.0
55.0
2319 2367 54.0
55.0
2320 2368 54.0
53.5
2321 2369 54.0
54.0
2322 2370 53.0
54.5
2371 2323 54.0
54.0
2372 2324 53.5
53.5
2373 2325 53.0
53.0
2374 2326 54.5
54.0
2375 2327 53.0
53.5
2377 2329 54.0
54.0
2378 2330 53.5
53.5
2331 2379 54.0
54.0
2380 2332 53.0
53.0
2381 2333 53.5
53.5
2382 2334 54.0
54.0
2383 2335 55.0
55.0
2384 2336 54.5
53.0
2385 2337 54.5
54.5
2386 2338 54.5
54.5
2387 2339 54.5
54.5
2389 2341 54.0
54.5
2390 2342 54.0
54.5
2391 2343 54.0
54.0
2344 2392 54.0
53.5
2345 2393 54.5
53.5
2346 55.0
2394 55.0
2347 2395 53.0
53.0
2348 2396 54.0
54.0
2349 2397 53.5
53.5
2350 54.5
2398 54.0
2352 53.0
2400 53.0
2353 54.0
2401 53.5
2354 54.5
2402 54.5
2355 54.0
2403 54.0
2356 54.0
2404 54.0
2357 55.0
2405 54.5
2358 2406 54.0
54.0
2359 2407 54.0
54.0
2360 2408 53.5
53.5
2409 2361 54.0
54.0
2410 2362 54.0
54.0
2363 2411 54.0
54.0
2365 2413 54.0
54.5
2366 2414 54.0
53.0
2367 2415 54.5
55.0
2416 2368 53.0
53.0
2417 2369 53.5
53.5
2418 2370 53.5
54.5
2419 2371 53.5
54.5
2420 2372 54.0
54.5
2421 2373 54.0
54.0
2374 2422 54.0
54.0
2376 2424 54.5
54.5
2377 2425 54.5
54.5
2378 2426 55.0
55.0
2379 2427 54.0
54.0
2380 2428 54.5
54.0
2381 55.0
2429 54.5
2382 56.0
2430 56.0
2383 55.0
2431 56.4
2384 55.0
2432 55.0
2385 56.0
2433 54.5
2386 55.0
2434 56.4
2387 55.5
2435 56.0
2388 56.9
2436 57.4
2389 55.5
2437 56.4
2390 54.5
2438 54.5
2391 56.4
2440 56.4
2393 56.4
2441 56.0
2394 56.0
2442 55.0
2395 54.5
2443 54.5
2396 55.0
2450 2402 53.5
53.5
2403 2451 55.0
55.0
2404 2452 54.0
54.0
2405 2453 54.5
54.5
2454 2406 55.0
55.0
2455 2407 55.0
55.0
2456 2408 54.0
54.0
2458 2410 54.0
54.0
2459 2411 53.0
54.0
2460 2412 54.0
53.5
2461 2413 55.0
53.5
2462 2414 54.5
54.5
2463 53.5
2415 54.0
2464 2416 54.0
54.5
2465 2417 54.5
54.5
2466 2418 54.5
54.0
2467 2419 54.0
55.0
2468 2420 54.5
54.5
2422 2470 54.5
54.5
2471 2423 54.5
54.5
2472 2424 54.0
54.0
2473 2425 54.0
54.0
2474 2426 54.0
54.0
2475 2427 54.0
54.0
2428 2476 54.0
54.5
2429 2477 55.5
55.5
2430 2478 54.0
54.0
2431 2479 54.5
54.5
2432 2480 54.0
54.5
2434 2482 53.0
53.0
2435 2483 54.5
54.5
2436 2484 54.0
54.0
2485 2437 54.0
54.0
2486 54.5
2438 53.5
2487 2439 54.0
54.0
2488 2440 53.5
53.5
2441 2489 53.5
53.5
2490 2442 54.0
53.5
2491 54.5
2443 54.0
2493 2445 54.0
54.0
2494 2446 54.0
53.5
2495 2447 54.0
54.0
2496 2448 54.5
54.5
2497 54.5
2449 53.5
2498 54.0
2450 54.5
2499 53.5
2451 54.5
2500 2452 53.5
53.5
2501 2453 54.0
54.0
2502 2454 54.0
54.0
2503 2455 53.5
53.5
2505 2457 54.5
54.5
2506 2458 53.5
54.5
2507 2459 54.5
54.5
2508 2460 53.5
53.5
2509 2461 53.5
53.5
2510 2462 54.5
53.5
2511 2463 53.5
53.5
2512 2464 54.0
54.0
2513 53.5
2465 53.5
2514 2466 53.5
53.5
2515 53.0
2467 54.0
2517 2469 53.5
53.5
2518 2470 54.5
54.5
2519 2471 54.5
53.0
2520 2472 53.5
54.0
2521 2473 53.0
53.5
2522 2474 53.0
53.0
2523 2475 53.0
53.0
2524 2476 54.5
54.5
2477 2525 53.5
53.5
2478 2526 55.0
55.0
2479 2527 54.0
54.0
2481 2529 54.0
54.0
2482 2530 53.5
53.5
2483 2531 54.5
54.5
2484 2532 54.0
54.0
2485 54.0
2533 54.5
2486 2534 53.5
53.5
2487 2535 55.0
55.0
2488 2536 54.0
54.0
2489 2537 54.0
54.5
2490 2538 53.0
53.0
2491 2539 55.0
55.0
2541 2493 55.0
55.0
2494 2542 54.0
54.0
2495 54.5
2543 54.5
2496 2544 54.0
54.0
2497 2545 53.5
53.5
2498 2546 54.5
54.5
2499 2547 53.0
53.0
2500 2548 54.5
54.5
2501 2549 53.5
55.0
2503 2551 54.5
54.5
2504 2552 54.0
54.0
2505 2553 55.0
55.0
2506 2554 53.5
53.5
2507 2555 54.0
54.0
2508 2556 54.0
54.0
2557 2509 53.0
53.0
2558 2510 54.0
54.0
2559 2511 53.5
54.0
2562 2514 53.5
53.0
2563 2515 54.5
54.5
2564 2516 54.5
54.5
2565 2517 54.0
54.5
2566 2518 53.5
53.5
2519 2567 53.5
53.5
2520 2568 55.0
55.0
2521 2569 54.0
54.0
2522 2570 54.0
54.0
2571 2523 53.0
53.0
2524 2572 54.0
54.0
2526 2574 54.0
54.0
2527 2575 54.5
54.5
2576 2528 54.5
54.5
2577 2529 53.5
53.5
2578 2530 54.5
54.5
2579 2531 53.0
53.0
2580 2532 53.5
53.5
2581 2533 54.0
54.0
2582 2534 53.5
53.5
2583 2535 54.0
54.0
2585 2537 53.5
53.5
2586 2538 54.0
53.0
2587 2539 53.5
53.5
2540 2588 54.0
54.0
2541 2589 53.5
52.5
2542 2590 53.0
53.0
2543 2591 54.0
54.0
2544 2592 54.0
54.0
2545 2593 53.5
53.0
2546 2594 53.5
53.5
2547 2595 53.0
53.0
2597 2549 53.5
53.5
2598 2550 54.5
54.5
2551 2599 53.0
53.0
2600 2552 54.0
54.0
2601 2553 53.0
54.0
2554 2602 53.0
53.0
2555 2603 54.0
54.0
2556 2604 53.5
53.5
2557 2605 54.0
54.0
2558 2606 52.5
52.5
2560 2608 54.0
54.0
2561 2609 54.0
54.0
2562 2610 53.5
53.5
2563 2611 53.5
53.5
2564 2612 53.0
53.0
2565 2613 52.5
54.5
2566 54.0
2614 53.0
2567 2615 53.5
53.5
2568 2616 53.0
53.5
2569 2617 54.5
54.5
2570 2618 54.5
54.5
2572 2620 54.0
53.0
2573 2621 53.0
53.0
2574 2622 54.0
54.0
2575 2623 53.5
53.5
2576 2624 54.0
54.0
2577 2625 53.5
54.0
2578 2626 54.0
54.0
2579 2627 54.5
54.5
2580 2628 53.5
53.5
2629 2581 53.0
53.0
2583 2631 53.5
53.5
2632 2584 53.5
53.5
2633 2585 53.0
53.5
2634 2586 53.5
53.5
2635 2587 52.5
53.0
2636 2588 53.5
53.5
2637 2589 53.5
53.5
2590 2638 53.0
53.0
2591 2639 54.0
54.0
2640 2592 53.5
53.5
2593 2641 53.5
53.5
2643 2595 54.0
54.0
2644 2596 53.0
54.5
2645 54.0
2597 53.5
2646 53.0
2598 54.5
2647 54.5
2599 54.0
2648 53.5
2600 54.0
2649 2601 53.5
53.5
2650 2602 54.0
53.5
2651 2603 54.0
53.5
2652 2604 54.0
54.0
2605 2653 54.0
54.0
2607 2655 54.5
54.0
2656 2608 54.0
54.0
2609 2657 55.0
55.0
2610 2658 55.0
54.5
2611 2659 54.5
54.5
2612 2660 53.5
53.5
2613 2661 55.0
54.0
2614 54.5
2662 54.5
2615 55.0
2663 55.0
2616 56.0
2664 55.5
2617 55.0
2665 55.0
2618 55.5
2666 55.5
2619 57.4
2667 56.9
2620 2669 57.4
56.9
2622 2670 57.4
58.4
2671 2623 57.9
57.9
2672 2624 56.9
56.9
2673 2625 55.5
56.0
2674 2626 56.0
56.0
2675 2627 55.0
55.0
2676 2628 56.4
56.4
2677 55.5
2629 55.5
2678 2630 56.0
56.0
2679 2631 55.5
55.5
2681 2633 54.0
54.0
2682 2634 55.0
55.0
2683 2635 55.0
55.5
2684 2636 55.5
55.5
2643 2691 54.5
54.5
2692 2644 55.0
53.5
2693 54.5
2645 54.5
2694 2646 54.5
53.5
2695 2647 55.0
55.0
2648 2696 54.5
54.5
2649 2697 55.5
54.5
2650 55.0
2698 54.0
2652 54.5
2700 54.5
2653 55.0
2701 54.5
2654 55.5
2702 55.0
2655 2703 54.5
54.5
2656 2704 54.5
54.5
2705 2657 55.5
54.0
2660 2708 54.5
54.5
2661 2709 54.0
54.0
2662 2710 54.0
53.5
2711 2663 54.5
54.5
2664 55.5
2712 55.5
2665 55.5
2713 55.5
2666 2714 54.5
54.5
2667 2715 55.0
55.0
2668 2716 55.5
55.5
2670 2718 54.5
55.5
2671 2719 55.0
55.0
2672 2720 55.0
55.0
2673 2721 54.5
54.5
2674 55.5
2722 55.5
2726 2678 54.0
54.0
2727 2679 55.0
55.0
2728 2680 53.5
53.5
2730 2682 54.5
55.0
2731 2683 53.5
53.5
2684 2732 54.5
54.5
2685 2733 53.5
53.5
2686 2734 54.5
54.5
2687 2735 54.0
54.5
2688 2736 55.5
55.0
2689 54.5
2737 54.5
2690 2738 53.5
54.0
2740 2692 55.0
55.5
2694 2742 55.0
55.0
2695 2743 54.5
55.5
2696 2744 54.5
55.0
2697 2746 54.0
54.0
2747 2699 55.0
55.0
2749 54.5
2701 55.5
2750 54.5
2702 55.5
2755 54.0
2710 54.0
2759 54.0
2711 53.5
2760 55.0
2712 55.0
2766 2718 54.0
54.0
2771 2723 53.5
53.5
2772 2724 53.0
53.0
2773 2725 54.5
54.5
2774 54.0
2726 54.5
2775 53.5
2727 54.0
2776 54.5
2728 54.5
2777 54.5
2729 54.5
2778 53.5
2730 54.0
2780 54.5
2732 54.0
2781 53.5
2733 54.0
2786 2738 54.5
54.5
2739 2787 53.5
53.5
2740 2788 54.0
54.0
2741 2789 54.0
54.0
2790 54.5
2742 55.0
2791 2743 54.5
54.5
2793 2745 54.0
54.0
2746 54.5
2794 54.5
2795 2747 53.5
53.5
2748 2796 54.5
54.5
2749 2797 54.5
54.5
2798 2750 54.5
55.5
2751 2799 54.5
54.5
2752 2800 54.5
55.5
2754 54.5
2802 55.0
2755 55.0
2803 55.5
2756 54.5
2804 54.0
2757 55.5
2805 55.5
2758 54.0
2806 54.5
2759 54.5
2807 53.5
2761 54.0
2809 54.0
2762 2810 55.5
55.5
2811 2763 54.5
54.0
2812 2764 54.5
54.5
2813 54.5
2765 54.5
2769 2817 53.5
53.5
2770 55.0
2818 55.0
2771 54.5
2819 54.5
2773 2821 53.5
53.5
2822 2774 54.5
54.5
2775 2823 54.5
54.5
2778 2826 54.5
54.5
2779 2827 54.5
55.5
2780 2828 56.0
56.0
2781 2829 56.0
56.0
2830 2782 55.0
55.0
2785 2833 54.5
54.5
2786 2834 55.0
55.0
2835 2787 56.0
56.0
2837 2789 55.0
56.0
2838 2790 55.0
55.0
2839 2791 55.0
55.0
2840 2792 55.0
55.0
2842 2794 54.5
54.5
2795 2843 55.0
55.0
2796 2844 54.5
54.5
2846 2798 54.5
54.5
2799 2847 55.0
55.0
2800 55.5
2848 54.5
2801 55.5
2849 56.0
2802 56.0
2850 55.0
2803 55.5
2851 55.5
2809 55.0
2857 55.0
2858 54.5
2810 55.0
2860 53.5
2812 53.5
2862 2814 55.5
55.5
2863 2815 55.5
55.5
2864 2816 54.5
54.5
2865 2817 55.0
55.0
2866 2818 55.5
55.5
2869 2821 55.0
55.0
2822 2870 56.4
56.4
2823 56.0
2871 55.0
2872 2824 55.0
55.0
2873 2825 55.5
55.5
2874 2826 55.0
55.0
2875 2827 56.4
56.4
2829 2877 54.5
54.5
2833 2881 54.5
54.5
2882 2834 55.0
56.0
2837 2885 54.0
54.5
2838 2886 55.5
55.5
2840 2888 55.5
55.5
2841 2889 55.0
56.0
2842 55.0
2890 55.0
2843 56.0
2891 56.0
2844 55.5
2892 55.5
2845 55.0
2893 55.0
2846 56.0
2894 55.0
2896 2848 55.0
55.0
2849 2897 55.0
55.0
2850 54.5
2898 54.5
2851 2899 54.0
55.0
2856 2904 53.5
53.5
2863 2911 54.0
53.5
2912 2864 54.5
54.5
2913 2865 53.5
55.5
2914 2866 55.0
54.0
2915 2867 54.0
54.0
2919 2871 53.5
53.5
2873 55.0
2921 55.0
2875 2923 54.5
55.5
2876 2924 54.5
54.5
2877 2925 55.0
55.0
2878 2926 55.5
55.5
2929 54.5
2881 54.5
2930 54.5
2882 54.5
2931 2883 54.5
54.5
2932 54.5
2884 55.0
2888 2936 55.0
55.0
2889 2937 55.0
55.0
2890 2938 54.5
54.5
2891 2939 55.0
55.0
2892 2940 55.5
55.5
2893 2941 54.0
54.0
2904 2952 54.0
54.0
2905 2953 53.5
53.5
2906 2954 53.5
53.5
2907 2955 54.5
54.0
2908 2956 54.0
54.0
2958 54.5
2910 54.5
2959 53.5
2912 54.5
2961 54.5
2913 54.5
2962 54.5
2914 55.5
2963 55.5
2915 53.5
2964 54.0
2916 54.0
2965 54.0
2918 54.0
2967 54.0
2919 55.0
2968 53.5
2920 55.0
2969 55.0
2921 55.0
2970 55.0
2922 55.0
2971 2923 55.0
55.0
2972 2924 53.5
53.5
2980 2932 54.0
54.0
2933 2981 54.5
54.0
2934 2982 54.5
54.0
2988 2940 54.0
54.0
2989 2941 54.0
54.0
2990 2942 54.5
53.5
2991 2943 55.5
55.5
2945 55.5
2993 55.5
2948 2996 54.5
54.5
2997 53.5
2949 55.5
2998 2950 54.5
54.5
3011 2963 53.5
53.5
2964 3012 53.5
53.5
2965 3013 55.0
55.0
2966 3014 54.5
54.5
2968 3016 53.5
53.5
3018 2970 55.0
55.0
2971 3019 54.0
54.5
2972 3020 54.5
54.5
3022 54.0
2974 54.5
3023 55.0
2975 54.5
3024 54.0
2976 53.5
3025 54.5
2977 54.0
3026 54.5
2978 55.0
3033 2985 54.0
54.0
3034 2986 54.0
54.0
2987 3035 54.0
54.0
2988 3036 54.5
54.5
3038 2990 54.0
54.0
3039 54.0
2991 53.5
3040 53.5
2992 55.0
3041 53.0
2993 53.0
3042 54.5
2994 55.0
3057 3009 54.5
55.0
3058 3010 55.0
55.0
3060 3012 54.0
54.0
3061 3013 54.5
53.5
3064 3016 55.0
55.0
3065 3017 55.0
55.0
3066 3018 54.0
54.0
3081 3033 54.0
54.0
3082 3034 54.5
54.0
3083 3035 53.5
54.5
3085 3037 54.0
54.0
3086 3038 54.5
55.0
3044 3092 53.5
53.5
3045 3093 53.5
54.0
3094 3046 55.0
55.0
3047 3095 55.0
54.0
3049 3097 53.5
53.5
3054 3102 54.0
54.0
3055 3103 54.5
54.5
3056 3104 54.0
54.0
3057 3105 54.5
54.5
3058 53.5
3106 55.0
3060 3108 54.0
54.0
3061 3109 54.5
55.5
3063 55.0
3111 55.0
3064 55.5
3112 55.0
3065 55.0
3113 56.0
3120 3072 54.5
54.5
3121 3073 54.0
54.0
3074 3122 54.5
54.0
3075 54.5
3123 54.5
3076 55.0
3124 55.5
3077 54.0
3125 54.5
3079 3127 55.0
55.0
3080 3128 54.5
54.0
3081 3129 54.5
54.5
3082 55.5
3130 55.5
3083 55.5
3131 55.0
3135 3087 54.0
54.0
3136 3088 55.0
55.0
3137 3089 55.0
55.0
3138 3090 55.0
55.0
3139 3091 55.0
55.0
3140 3092 54.5
54.5
3141 3094 54.5
54.5
3147 3099 54.5
54.5
3105 3153 53.5
53.0
3107 3155 54.5
54.5
3108 3156 54.5
55.0
3109 3157 55.0
55.0
3110 3158 55.0
55.0
3113 3161 55.5
55.5
3162 3114 54.5
54.5
3163 3115 55.0
55.0
3175 3127 54.5
54.5
