1 0.153 6.191 1.553 7.452
2054 2006 0.153 6.191 1.553 7.452
0.153 6.191 1.553 7.452
2 0.153 6.191 1.553 7.453
2055 2007 0.152 6.192 1.553 7.453
0.152 6.192 1.553 7.453
4 0.153 6.191 1.553 7.453
2008 2056 0.152 6.192 1.553 7.453
0.152 6.192 1.553 7.453
5 0.152 6.192 1.553 7.453
2010 6 0.152 6.192 1.553 7.453
2058 0.152 6.192 1.553 7.453
0.152 6.192 1.553 7.453
7 2011 2059 0.153 6.191 1.553 7.452
0.153 6.191 1.553 7.452
0.153 6.191 1.553 7.452
8 2060 0.153 6.191 1.553 7.452
2012 0.153 6.191 1.553 7.452
0.153 6.191 1.553 7.452
9 2013 2061 0.154 6.19 1.553 7.451
0.154 6.19 1.553 7.451
0.154 6.19 1.553 7.451
10 2014 2062 0.158 6.186 1.553 7.447
0.157 6.187 1.553 7.448
0.158 6.186 1.553 7.447
11 0.157 6.187 1.553 7.448
2063 2015 0.156 6.188 1.553 7.449
0.158 6.186 1.553 7.447
13 0.159 6.185 1.554 7.446
2017 2065 0.159 6.184 1.554 7.446
0.159 6.184 1.554 7.446
14 0.166 6.177 1.554 7.44
2066 2018 0.166 6.177 1.554 7.439
0.166 6.177 1.554 7.439
15 0.171 6.172 1.554 7.434
2067 2019 0.173 6.17 1.554 7.432
0.172 6.171 1.554 7.433
16 0.177 6.166 1.554 7.428
2020 2068 0.175 6.168 1.554 7.43
0.175 6.168 1.554 7.43
17 0.169 6.174 1.554 7.436
2069 2021 0.173 6.17 1.554 7.432
0.173 6.17 1.554 7.432
18 0.172 6.171 1.554 7.434
2070 2022 0.171 6.172 1.554 7.434
0.171 6.172 1.554 7.434
19 0.168 6.175 1.554 7.437
2071 0.168 6.175 1.554 7.437
2023 0.167 6.176 1.554 7.438
20 0.177 6.166 1.554 7.428
2072 0.178 6.164 1.554 7.427
2025 0.18 6.163 1.554 7.425
21 0.183 6.16 1.554 7.422
2074 0.187 6.156 1.554 7.418
2026 0.185 6.158 1.554 7.42
22 0.193 6.15 1.554 7.412
2075 0.196 6.147 1.554 7.409
2027 0.197 6.146 1.554 7.408
24 0.168 6.175 1.554 7.437
2076 0.168 6.174 1.554 7.437
2028 0.169 6.174 1.554 7.436
25 0.183 6.16 1.554 7.422
2077 0.185 6.158 1.554 7.42
2029 0.186 6.156 1.554 7.419
26 0.172 6.171 1.554 7.433
2078 0.171 6.172 1.554 7.434
2030 0.172 6.171 1.554 7.433
27 0.169 6.174 1.554 7.437
2079 0.162 6.181 1.554 7.444
2031 0.162 6.181 1.554 7.443
28 0.162 6.181 1.554 7.443
2032 2080 0.165 6.178 1.554 7.441
0.165 6.178 1.554 7.441
29 0.168 6.175 1.554 7.438
2033 0.17 6.173 1.554 7.435
2081 0.166 6.176 1.554 7.439
30 0.166 6.177 1.554 7.439
2034 0.164 6.179 1.554 7.441
2083 0.163 6.18 1.554 7.442
31 0.167 6.176 1.554 7.439
2036 0.166 6.177 1.554 7.439
2084 0.166 6.177 1.554 7.439
33 0.168 6.175 1.554 7.437
2037 0.168 6.175 1.554 7.437
2085 0.167 6.176 1.554 7.439
34 0.164 6.179 1.554 7.441
2038 0.165 6.178 1.554 7.44
2086 0.161 6.182 1.554 7.444
35 0.168 6.175 1.554 7.438
2039 0.169 6.174 1.554 7.437
2087 0.168 6.175 1.554 7.437
40 0.16 6.182 1.554 7.445
2044 2092 0.163 6.18 1.554 7.443
0.163 6.18 1.554 7.442
41 0.166 6.164 1.567 7.44
2046 0.17 6.16 1.567 7.436
2094 0.17 6.16 1.567 7.435
42 0.17 6.16 1.567 7.435
2047 2095 0.175 6.155 1.567 7.431
0.175 6.155 1.567 7.43
43 0.176 6.154 1.567 7.429
2048 2096 0.18 6.15 1.567 7.425
0.18 6.15 1.567 7.425
44 0.181 6.149 1.567 7.424
2049 2097 0.185 6.144 1.567 7.42
0.186 6.144 1.567 7.42
45 0.186 6.144 1.567 7.419
2052 2100 0.217 6.113 1.567 7.388
48 0.217 6.112 1.567 7.388
0.217 6.112 1.567 7.388
2053 0.154 6.176 1.567 7.451
2101 49 0.155 6.175 1.567 7.451
0.155 6.175 1.567 7.451
2054 0.154 6.176 1.567 7.452
50 2102 0.154 6.176 1.567 7.452
0.154 6.176 1.567 7.452
2055 0.154 6.176 1.567 7.452
51 2103 0.154 6.176 1.567 7.452
0.154 6.176 1.567 7.451
2056 2104 52 0.153 6.176 1.567 7.452
0.153 6.177 1.567 7.452
0.153 6.177 1.567 7.452
2057 2105 53 0.153 6.177 1.567 7.452
0.153 6.177 1.567 7.452
0.153 6.177 1.567 7.452
2058 54 2106 0.153 6.177 1.567 7.452
0.153 6.177 1.567 7.452
0.153 6.177 1.567 7.452
2059 55 0.152 6.177 1.567 7.453
2107 0.153 6.177 1.567 7.452
0.153 6.177 1.567 7.452
2060 56 2108 0.153 6.177 1.567 7.453
0.153 6.177 1.567 7.453
0.152 6.177 1.567 7.453
2062 58 2110 0.152 6.177 1.567 7.453
0.152 6.177 1.567 7.453
0.152 6.177 1.567 7.453
59 2063 2111 0.152 6.177 1.568 7.453
0.152 6.177 1.568 7.453
0.152 6.177 1.568 7.453
60 2064 2112 0.153 6.176 1.568 7.452
0.154 6.176 1.568 7.451
0.154 6.176 1.568 7.451
61 2065 2113 0.153 6.177 1.568 7.452
0.153 6.176 1.568 7.452
0.153 6.176 1.568 7.452
62 2066 0.153 6.177 1.567 7.452
2114 0.153 6.177 1.567 7.452
0.153 6.177 1.567 7.452
63 2115 0.153 6.177 1.568 7.452
2067 0.153 6.177 1.568 7.452
0.153 6.177 1.568 7.452
64 2116 2068 0.153 6.177 1.568 7.452
0.153 6.177 1.568 7.452
0.153 6.177 1.568 7.452
65 2117 0.153 6.176 1.568 7.452
0.154 6.176 1.568 7.452
2069 0.154 6.176 1.568 7.451
66 2118 0.153 6.176 1.568 7.452
0.153 6.176 1.568 7.452
2070 0.153 6.176 1.568 7.452
68 2120 0.153 6.177 1.568 7.452
0.153 6.177 1.568 7.452
2072 0.154 6.176 1.568 7.451
2073 2121 69 0.153 6.176 1.568 7.452
0.153 6.176 1.568 7.452
0.153 6.176 1.568 7.452
2074 2122 70 0.153 6.177 1.568 7.453
0.153 6.177 1.568 7.452
0.153 6.177 1.568 7.452
2075 2123 71 0.153 6.177 1.568 7.452
0.153 6.177 1.568 7.452
0.153 6.177 1.568 7.452
2076 2124 72 0.153 6.177 1.568 7.452
0.153 6.177 1.568 7.452
0.153 6.177 1.568 7.452
2077 2125 0.153 6.177 1.568 7.452
0.153 6.177 1.568 7.452
73 0.153 6.177 1.568 7.452
2078 2126 74 0.153 6.177 1.568 7.453
0.153 6.177 1.568 7.453
0.153 6.177 1.568 7.453
2079 2127 75 0.153 6.177 1.568 7.452
0.153 6.177 1.568 7.452
0.153 6.177 1.568 7.452
2128 2080 76 0.153 6.177 1.568 7.452
0.153 6.177 1.568 7.452
0.153 6.177 1.568 7.452
2082 78 2130 0.153 6.177 1.568 7.453
0.153 6.177 1.568 7.453
0.153 6.177 1.568 7.453
2083 79 2131 0.153 6.177 1.568 7.452
0.153 6.177 1.568 7.452
0.154 6.176 1.568 7.451
2084 80 0.153 6.176 1.568 7.452
0.153 6.176 1.568 7.452
2132 0.153 6.176 1.568 7.452
81 2085 0.153 6.176 1.568 7.452
2133 0.153 6.176 1.568 7.452
0.153 6.176 1.568 7.452
82 2086 0.153 6.176 1.568 7.452
2134 0.153 6.176 1.568 7.452
0.153 6.177 1.568 7.452
83 2087 2135 0.153 6.177 1.568 7.452
0.153 6.177 1.568 7.452
0.153 6.177 1.568 7.452
84 2136 2088 0.153 6.176 1.568 7.452
0.153 6.176 1.568 7.452
0.153 6.176 1.568 7.452
85 2089 0.153 6.176 1.568 7.452
2137 0.153 6.176 1.568 7.452
0.153 6.176 1.568 7.452
86 2090 2138 0.153 6.177 1.568 7.452
0.153 6.177 1.568 7.452
0.153 6.177 1.568 7.452
88 2140 2092 0.153 6.177 1.568 7.452
0.153 6.177 1.568 7.452
0.153 6.177 1.568 7.452
89 2141 2093 0.153 6.177 1.568 7.452
0.153 6.177 1.568 7.452
0.153 6.177 1.568 7.452
90 2142 2094 0.153 6.177 1.568 7.452
0.153 6.177 1.568 7.452
0.153 6.177 1.568 7.452
2143 91 2095 0.153 6.177 1.568 7.452
0.153 6.177 1.568 7.452
0.153 6.177 1.568 7.452
2144 92 2096 0.153 6.176 1.568 7.452
0.153 6.176 1.568 7.452
0.153 6.176 1.568 7.452
2145 2097 93 0.154 6.176 1.568 7.452
0.154 6.176 1.568 7.452
0.154 6.176 1.568 7.452
2146 2098 0.153 6.177 1.568 7.452
94 0.153 6.177 1.568 7.452
0.153 6.177 1.568 7.452
2147 95 2099 0.153 6.177 1.568 7.452
0.153 6.177 1.568 7.452
0.153 6.177 1.568 7.452
96 2100 0.153 6.177 1.568 7.453
2148 0.153 6.176 1.568 7.452
0.153 6.176 1.568 7.452
2102 2150 98 0.153 6.176 1.568 7.452
0.153 6.176 1.568 7.452
0.153 6.176 1.568 7.452
2103 2151 99 0.153 6.177 1.568 7.452
0.153 6.177 1.568 7.452
0.153 6.177 1.568 7.452
2104 2152 100 0.153 6.176 1.568 7.452
0.153 6.176 1.568 7.452
0.153 6.176 1.568 7.452
2105 2153 101 0.153 6.176 1.568 7.452
0.153 6.176 1.568 7.452
0.153 6.176 1.568 7.452
2106 102 0.153 6.176 1.568 7.452
2154 0.154 6.176 1.568 7.452
0.154 6.176 1.568 7.452
103 2107 2155 0.154 6.176 1.568 7.451
0.154 6.176 1.568 7.451
0.154 6.176 1.568 7.451
104 2156 2108 0.154 6.176 1.568 7.452
0.154 6.176 1.568 7.452
0.154 6.176 1.568 7.451
105 2157 0.153 6.176 1.568 7.452
2109 0.153 6.176 1.568 7.452
0.153 6.176 1.568 7.452
106 2158 0.153 6.176 1.568 7.452
2110 0.154 6.176 1.568 7.451
0.154 6.176 1.568 7.451
107 2160 2112 0.154 6.176 1.568 7.451
0.154 6.176 1.568 7.451
0.154 6.176 1.568 7.451
109 2113 0.153 6.176 1.568 7.452
2161 0.153 6.176 1.568 7.452
0.153 6.176 1.568 7.452
110 2114 2162 0.153 6.177 1.568 7.452
0.153 6.177 1.568 7.452
0.153 6.177 1.568 7.452
2115 111 2163 0.153 6.177 1.568 7.453
0.153 6.177 1.568 7.452
0.153 6.177 1.568 7.452
2116 2164 112 0.153 6.177 1.568 7.452
0.153 6.177 1.568 7.452
0.153 6.177 1.568 7.452
113 2117 2165 0.154 6.176 1.568 7.451
0.154 6.176 1.568 7.451
0.154 6.176 1.568 7.451
114 2166 2118 0.154 6.176 1.568 7.451
0.154 6.176 1.568 7.451
0.154 6.176 1.568 7.451
115 2167 0.153 6.176 1.568 7.452
2119 0.153 6.176 1.568 7.452
0.154 6.176 1.568 7.452
2168 116 2120 0.153 6.176 1.568 7.452
0.153 6.176 1.568 7.452
0.153 6.176 1.568 7.452
2169 118 2122 0.153 6.177 1.568 7.452
0.153 6.177 1.568 7.452
0.153 6.177 1.568 7.452
2171 119 0.153 6.176 1.568 7.452
2123 0.153 6.176 1.568 7.452
0.153 6.176 1.568 7.452
2172 120 0.153 6.176 1.568 7.452
2124 0.153 6.176 1.568 7.452
0.153 6.176 1.568 7.452
2173 121 2125 0.153 6.176 1.568 7.452
0.153 6.176 1.568 7.452
0.153 6.176 1.568 7.452
2174 2126 122 0.153 6.177 1.568 7.452
0.153 6.177 1.568 7.452
0.153 6.177 1.568 7.452
2175 2127 123 0.153 6.177 1.568 7.452
0.153 6.177 1.568 7.452
0.153 6.177 1.568 7.452
124 2128 2176 0.153 6.177 1.568 7.452
0.153 6.176 1.568 7.452
0.153 6.176 1.568 7.452
125 2177 2129 0.153 6.177 1.568 7.452
0.153 6.177 1.568 7.452
0.153 6.177 1.568 7.452
126 2178 0.153 6.177 1.568 7.452
2130 0.153 6.177 1.568 7.452
0.153 6.177 1.568 7.452
127 2179 2131 0.153 6.176 1.568 7.452
0.153 6.176 1.568 7.452
0.153 6.176 1.568 7.452
129 2181 0.153 6.177 1.568 7.452
2133 0.153 6.177 1.568 7.452
0.153 6.177 1.568 7.452
130 2134 2182 0.153 6.176 1.568 7.452
0.153 6.176 1.568 7.452
0.153 6.176 1.568 7.452
131 2183 0.153 6.177 1.568 7.452
2135 0.153 6.177 1.568 7.452
0.153 6.177 1.568 7.452
132 2184 2136 0.153 6.177 1.568 7.453
0.153 6.177 1.568 7.453
0.153 6.177 1.568 7.452
133 2137 2185 0.152 6.177 1.568 7.453
0.153 6.177 1.568 7.452
0.153 6.177 1.568 7.452
134 2138 0.153 6.177 1.568 7.453
2186 0.153 6.177 1.568 7.453
0.153 6.177 1.568 7.453
135 2139 0.153 6.177 1.568 7.452
0.153 6.177 1.568 7.452
2187 0.153 6.177 1.568 7.453
136 2140 0.153 6.177 1.568 7.453
0.153 6.177 1.568 7.453
2188 0.153 6.177 1.568 7.453
137 2141 2189 0.153 6.176 1.568 7.452
0.153 6.177 1.568 7.452
0.153 6.176 1.568 7.452
139 2191 0.154 6.176 1.568 7.452
2143 0.154 6.176 1.568 7.452
0.154 6.176 1.568 7.452
140 2144 2192 0.153 6.177 1.568 7.452
0.153 6.177 1.568 7.452
0.153 6.177 1.568 7.452
2193 141 2145 0.152 6.177 1.568 7.453
0.152 6.177 1.568 7.453
0.152 6.177 1.568 7.453
2194 142 2146 0.153 6.177 1.568 7.452
0.153 6.177 1.568 7.452
0.153 6.177 1.568 7.452
143 2195 2147 0.153 6.177 1.568 7.452
0.153 6.177 1.568 7.452
0.152 6.177 1.568 7.453
2148 2196 144 0.153 6.177 1.568 7.453
0.153 6.177 1.568 7.453
0.153 6.177 1.568 7.453
2197 145 0.153 6.176 1.568 7.452
2149 0.154 6.176 1.568 7.452
0.154 6.176 1.568 7.452
2150 2198 146 0.153 6.177 1.568 7.452
0.153 6.176 1.568 7.452
0.153 6.176 1.568 7.452
2199 2151 147 0.153 6.177 1.568 7.452
0.153 6.176 1.568 7.452
0.153 6.176 1.568 7.452
2201 149 2153 0.153 6.177 1.568 7.452
0.153 6.176 1.568 7.452
0.153 6.177 1.568 7.452
2202 150 2154 0.153 6.176 1.568 7.452
0.153 6.176 1.568 7.452
0.153 6.176 1.568 7.452
2203 2155 151 0.153 6.177 1.568 7.452
0.153 6.177 1.568 7.452
0.153 6.177 1.568 7.452
2204 2156 0.152 6.177 1.568 7.453
152 0.152 6.177 1.568 7.453
0.152 6.177 1.568 7.453
2205 2157 153 0.152 6.178 1.568 7.453
0.152 6.178 1.568 7.453
0.152 6.178 1.568 7.453
2206 154 2158 0.153 6.177 1.568 7.453
0.153 6.177 1.568 7.453
0.153 6.177 1.568 7.453
2159 2207 155 0.153 6.177 1.568 7.453
0.153 6.177 1.568 7.453
0.153 6.177 1.568 7.453
2160 2208 0.152 6.177 1.568 7.453
156 0.152 6.177 1.568 7.453
0.152 6.177 1.568 7.453
2161 157 2209 0.153 6.176 1.568 7.452
0.153 6.176 1.568 7.452
0.153 6.176 1.568 7.452
2163 2211 0.153 6.177 1.568 7.452
159 0.153 6.177 1.568 7.452
0.153 6.177 1.568 7.452
2164 2212 160 0.153 6.177 1.568 7.452
0.153 6.177 1.568 7.452
0.153 6.177 1.568 7.452
2165 2213 0.153 6.177 1.568 7.452
161 0.153 6.177 1.568 7.452
0.153 6.177 1.568 7.452
2166 2214 162 0.152 6.177 1.568 7.453
0.152 6.177 1.568 7.453
0.152 6.177 1.568 7.453
2167 2215 163 0.153 6.176 1.568 7.452
0.153 6.176 1.568 7.452
0.153 6.176 1.568 7.452
2168 2216 164 0.153 6.176 1.568 7.452
0.153 6.176 1.568 7.452
0.153 6.176 1.568 7.452
2169 165 2217 0.154 6.176 1.568 7.452
0.154 6.176 1.568 7.452
0.154 6.176 1.568 7.452
2170 2218 0.153 6.176 1.568 7.452
166 0.153 6.176 1.568 7.452
0.153 6.176 1.568 7.452
2171 2219 167 0.153 6.177 1.568 7.453
0.153 6.177 1.568 7.453
0.152 6.177 1.568 7.453
2173 2221 0.153 6.177 1.568 7.452
169 0.153 6.176 1.568 7.452
0.153 6.176 1.568 7.452
2174 2222 0.153 6.177 1.568 7.452
170 0.153 6.177 1.568 7.452
0.153 6.177 1.568 7.452
2175 2223 171 0.153 6.177 1.568 7.452
0.153 6.177 1.568 7.452
0.153 6.176 1.568 7.452
2176 172 2224 0.152 6.177 1.568 7.453
0.152 6.177 1.568 7.453
0.152 6.177 1.568 7.453
173 2177 2225 0.152 6.177 1.568 7.453
0.152 6.177 1.568 7.453
0.152 6.177 1.568 7.453
2226 2178 174 0.153 6.176 1.568 7.452
0.153 6.176 1.568 7.452
0.153 6.176 1.568 7.452
2227 175 2179 0.153 6.176 1.568 7.452
0.154 6.176 1.568 7.452
0.154 6.176 1.568 7.452
2228 176 0.153 6.177 1.568 7.452
0.153 6.177 1.568 7.452
2180 0.153 6.177 1.568 7.452
2229 2181 177 0.153 6.177 1.568 7.452
0.153 6.177 1.568 7.452
0.153 6.177 1.568 7.452
2231 179 2183 0.153 6.177 1.568 7.452
0.153 6.177 1.568 7.452
0.153 6.177 1.568 7.452
180 2232 2184 0.153 6.177 1.568 7.452
0.153 6.177 1.568 7.452
0.153 6.177 1.568 7.452
181 2185 0.152 6.177 1.568 7.453
0.152 6.177 1.568 7.453
2233 0.153 6.177 1.568 7.453
182 2186 0.153 6.177 1.568 7.452
0.153 6.177 1.568 7.452
2234 0.153 6.176 1.568 7.452
2187 2235 0.152 6.177 1.568 7.453
183 0.152 6.177 1.568 7.453
0.153 6.177 1.568 7.452
2188 2236 184 0.153 6.177 1.568 7.452
0.153 6.177 1.568 7.452
0.153 6.177 1.568 7.452
2189 2237 0.152 6.177 1.568 7.453
0.152 6.177 1.568 7.453
185 0.153 6.177 1.568 7.453
2190 2238 0.153 6.176 1.568 7.452
186 0.153 6.176 1.568 7.452
0.153 6.176 1.568 7.452
2191 2239 187 0.153 6.176 1.568 7.452
0.153 6.176 1.568 7.452
0.153 6.176 1.568 7.452
2192 2241 189 0.153 6.177 1.568 7.452
0.153 6.176 1.568 7.452
0.153 6.176 1.568 7.452
2194 2242 190 0.153 6.176 1.568 7.452
0.153 6.176 1.568 7.452
0.153 6.176 1.568 7.452
2195 2243 191 0.153 6.177 1.568 7.452
0.153 6.177 1.568 7.452
0.153 6.177 1.568 7.452
2244 2196 192 0.153 6.176 1.568 7.452
0.153 6.176 1.568 7.452
0.153 6.176 1.568 7.452
2245 2197 193 0.153 6.176 1.568 7.452
0.154 6.176 1.568 7.452
0.154 6.176 1.568 7.452
2198 2246 0.153 6.176 1.568 7.452
0.153 6.176 1.568 7.452
194 0.153 6.176 1.568 7.452
2199 2247 195 0.153 6.177 1.568 7.452
0.153 6.177 1.568 7.452
0.153 6.177 1.568 7.452
2200 196 2248 0.153 6.177 1.568 7.452
0.153 6.177 1.568 7.452
0.153 6.177 1.568 7.452
2201 2249 0.153 6.176 1.568 7.452
197 0.153 6.176 1.568 7.452
0.154 6.176 1.568 7.452
2202 2250 0.153 6.176 1.568 7.452
0.153 6.176 1.568 7.452
199 0.153 6.176 1.568 7.452
2204 2252 0.153 6.176 1.568 7.452
200 0.153 6.176 1.568 7.452
0.153 6.176 1.568 7.452
2205 201 0.153 6.177 1.568 7.452
2253 0.153 6.177 1.568 7.452
0.153 6.176 1.568 7.452
2206 202 0.153 6.176 1.568 7.452
2254 0.153 6.176 1.568 7.452
0.153 6.176 1.568 7.452
2207 203 2255 0.153 6.176 1.568 7.452
0.153 6.176 1.568 7.452
0.153 6.176 1.568 7.452
2208 2256 204 0.153 6.176 1.568 7.452
0.153 6.176 1.568 7.452
0.153 6.176 1.568 7.452
2209 2257 205 0.153 6.177 1.568 7.452
0.153 6.177 1.568 7.452
0.153 6.177 1.568 7.452
2258 206 2210 0.153 6.177 1.568 7.452
0.153 6.177 1.568 7.452
0.153 6.177 1.568 7.452
2259 2211 207 0.153 6.176 1.568 7.452
0.153 6.176 1.568 7.452
0.153 6.176 1.568 7.452
208 2212 2260 0.153 6.177 1.568 7.452
0.153 6.177 1.568 7.452
0.153 6.177 1.568 7.452
210 2214 2262 0.153 6.176 1.568 7.452
0.153 6.176 1.568 7.452
0.153 6.176 1.568 7.452
211 2215 0.153 6.177 1.568 7.452
0.153 6.177 1.568 7.452
2263 0.153 6.177 1.568 7.452
212 2264 2216 0.153 6.177 1.568 7.452
0.153 6.177 1.568 7.452
0.153 6.177 1.568 7.452
2265 213 2217 0.153 6.177 1.568 7.452
0.153 6.177 1.568 7.452
0.153 6.177 1.568 7.452
214 2218 2266 0.153 6.176 1.568 7.452
0.153 6.176 1.568 7.452
0.153 6.176 1.568 7.452
2219 215 2267 0.153 6.176 1.568 7.452
0.153 6.176 1.568 7.452
0.153 6.176 1.568 7.452
2220 2268 216 0.153 6.176 1.568 7.452
0.153 6.176 1.568 7.452
0.154 6.176 1.568 7.452
217 2269 2221 0.153 6.176 1.568 7.452
0.153 6.176 1.568 7.452
0.153 6.176 1.568 7.452
2270 2222 218 0.153 6.176 1.568 7.452
0.153 6.176 1.568 7.452
0.153 6.176 1.568 7.452
2272 220 2224 0.153 6.176 1.568 7.452
0.153 6.176 1.568 7.452
0.153 6.176 1.568 7.452
221 2273 2225 0.153 6.176 1.568 7.452
0.154 6.176 1.568 7.451
0.154 6.176 1.568 7.451
222 2274 0.153 6.176 1.568 7.452
2226 0.154 6.176 1.568 7.452
0.153 6.176 1.568 7.452
223 0.153 6.176 1.568 7.452
2275 2227 0.153 6.176 1.568 7.452
0.154 6.176 1.568 7.452
224 0.153 6.176 1.568 7.452
2276 2228 0.154 6.176 1.568 7.452
0.153 6.176 1.568 7.452
2277 2229 0.154 6.175 1.568 7.451
0.154 6.175 1.568 7.451
2278 2230 0.157 6.172 1.568 7.448
0.157 6.172 1.568 7.448
2279 2231 0.153 6.176 1.568 7.452
0.153 6.176 1.568 7.452
2280 2232 0.153 6.176 1.568 7.452
0.153 6.176 1.568 7.452
2233 2281 0.153 6.176 1.568 7.453
0.152 6.176 1.568 7.453
2234 2282 0.152 6.176 1.568 7.453
0.152 6.176 1.568 7.453
2236 2284 0.152 6.177 1.568 7.453
0.152 6.177 1.568 7.453
2237 2285 0.152 6.176 1.568 7.453
0.152 6.176 1.568 7.453
2238 2286 0.153 6.176 1.568 7.453
0.152 6.176 1.568 7.453
2239 2287 0.152 6.177 1.568 7.453
0.152 6.176 1.568 7.453
2240 0.152 6.177 1.568 7.453
2288 0.152 6.176 1.568 7.453
2241 2289 0.152 6.176 1.568 7.453
0.152 6.176 1.568 7.453
2242 2290 0.152 6.176 1.568 7.453
0.152 6.176 1.568 7.453
2291 2243 0.153 6.176 1.568 7.453
0.153 6.176 1.568 7.452
2292 2244 0.152 6.176 1.568 7.453
0.152 6.176 1.568 7.453
2293 2245 0.152 6.176 1.568 7.453
0.152 6.176 1.568 7.453
2295 2247 0.152 6.177 1.568 7.453
0.152 6.176 1.568 7.453
2296 0.152 6.177 1.568 7.453
2248 0.152 6.177 1.568 7.453
2297 0.152 6.177 1.568 7.453
2249 0.152 6.176 1.568 7.453
2298 0.152 6.176 1.569 7.453
2250 0.152 6.176 1.569 7.453
2299 0.153 6.176 1.569 7.453
2251 0.153 6.176 1.569 7.452
2300 0.153 6.175 1.569 7.452
2252 0.153 6.176 1.569 7.452
2301 0.153 6.176 1.569 7.453
2253 0.153 6.176 1.569 7.452
2302 2254 0.152 6.176 1.569 7.453
0.152 6.176 1.569 7.453
2255 2303 0.152 6.176 1.569 7.453
0.152 6.176 1.569 7.453
2256 0.152 6.177 1.569 7.453
2304 0.152 6.177 1.569 7.453
2257 0.152 6.176 1.569 7.453
2305 0.152 6.177 1.569 7.453
2258 0.152 6.177 1.569 7.454
2307 0.152 6.177 1.569 7.453
2260 0.152 6.177 1.569 7.454
2308 0.152 6.177 1.569 7.453
2261 2309 0.152 6.177 1.569 7.453
0.152 6.176 1.569 7.453
2262 2310 0.152 6.176 1.569 7.453
0.152 6.176 1.569 7.453
2263 2311 0.152 6.176 1.569 7.453
0.152 6.176 1.569 7.453
2312 2264 0.152 6.176 1.569 7.453
0.152 6.176 1.569 7.453
2313 2265 0.152 6.177 1.569 7.453
0.152 6.177 1.569 7.453
2314 2266 0.152 6.176 1.569 7.453
0.152 6.176 1.569 7.453
2315 2267 0.152 6.176 1.569 7.453
0.152 6.176 1.569 7.453
2316 2268 0.153 6.176 1.569 7.452
0.153 6.176 1.569 7.452
2317 2269 0.153 6.176 1.569 7.452
0.153 6.176 1.569 7.453
2318 2270 0.152 6.176 1.569 7.453
0.153 6.176 1.569 7.453
2320 2272 0.152 6.177 1.569 7.453
0.152 6.177 1.569 7.453
2321 2273 0.152 6.177 1.569 7.453
0.152 6.176 1.569 7.453
2322 2274 0.153 6.176 1.569 7.453
0.153 6.176 1.569 7.453
2275 2323 0.152 6.176 1.569 7.453
0.153 6.176 1.569 7.453
2276 2324 0.152 6.176 1.569 7.453
0.152 6.176 1.569 7.453
2277 2325 0.152 6.177 1.569 7.453
0.152 6.177 1.569 7.453
2278 2326 0.152 6.176 1.569 7.453
0.152 6.176 1.569 7.453
2279 2327 0.152 6.177 1.569 7.453
0.152 6.177 1.569 7.453
2280 2328 0.152 6.177 1.569 7.453
0.152 6.177 1.569 7.453
2281 2329 0.152 6.177 1.569 7.453
0.152 6.177 1.569 7.453
2283 2331 0.152 6.176 1.569 7.453
0.152 6.176 1.569 7.453
2284 2332 0.152 6.176 1.569 7.453
0.152 6.176 1.569 7.453
2285 0.152 6.177 1.569 7.453
2333 0.152 6.176 1.569 7.453
2286 0.152 6.177 1.569 7.453
2334 0.152 6.177 1.569 7.453
2287 2335 0.152 6.177 1.569 7.453
0.152 6.177 1.569 7.453
2288 2336 0.152 6.176 1.569 7.453
0.152 6.176 1.569 7.453
2289 2337 0.153 6.176 1.569 7.453
0.153 6.176 1.569 7.453
2290 2338 0.153 6.176 1.569 7.452
0.153 6.176 1.569 7.452
2291 2339 0.153 6.176 1.569 7.452
0.153 6.176 1.569 7.452
2292 2340 0.153 6.176 1.569 7.452
0.153 6.175 1.569 7.452
2294 2342 0.153 6.176 1.569 7.452
0.153 6.176 1.569 7.452
2295 2343 0.153 6.176 1.569 7.453
0.153 6.176 1.569 7.453
2296 0.152 6.176 1.569 7.453
2344 0.152 6.176 1.569 7.453
2297 0.152 6.176 1.569 7.453
2345 0.152 6.176 1.569 7.453
2298 2346 0.152 6.176 1.569 7.453
0.152 6.176 1.569 7.453
2347 2299 0.153 6.176 1.569 7.453
0.152 6.176 1.569 7.453
2348 2300 0.152 6.176 1.569 7.453
0.152 6.176 1.569 7.453
2349 2301 0.152 6.176 1.569 7.453
0.152 6.176 1.569 7.453
2350 2302 0.152 6.176 1.569 7.453
0.152 6.176 1.569 7.453
2351 2303 0.152 6.177 1.569 7.453
0.152 6.177 1.569 7.453
2352 2304 0.152 6.176 1.569 7.453
0.152 6.176 1.569 7.453
2354 2306 0.153 6.176 1.569 7.452
0.153 6.176 1.569 7.452
2355 2307 0.152 6.176 1.569 7.453
0.152 6.176 1.569 7.453
2308 2356 0.152 6.176 1.569 7.453
0.152 6.176 1.569 7.453
2309 2357 0.152 6.176 1.569 7.453
0.152 6.176 1.569 7.453
2310 2358 0.152 6.176 1.569 7.453
0.152 6.176 1.569 7.453
2311 2359 0.152 6.177 1.569 7.453
0.152 6.177 1.569 7.453
2312 2360 0.152 6.177 1.569 7.453
0.152 6.177 1.569 7.453
2313 2361 0.152 6.177 1.569 7.454
0.152 6.177 1.569 7.454
2314 2362 0.152 6.176 1.569 7.453
0.152 6.176 1.569 7.453
2315 2363 0.153 6.176 1.569 7.452
0.153 6.176 1.569 7.452
2317 2365 0.152 6.176 1.569 7.453
0.152 6.176 1.569 7.453
2318 2366 0.152 6.176 1.569 7.453
0.152 6.176 1.569 7.453
2319 2367 0.152 6.176 1.569 7.453
0.152 6.176 1.569 7.453
2320 2368 0.152 6.177 1.569 7.453
0.152 6.177 1.569 7.453
2321 2369 0.153 6.176 1.569 7.453
0.153 6.176 1.569 7.453
2322 2370 0.152 6.176 1.569 7.453
0.152 6.176 1.569 7.453
2371 2323 0.152 6.177 1.569 7.453
0.152 6.177 1.569 7.453
2372 2324 0.152 6.177 1.569 7.453
0.152 6.177 1.569 7.453
2373 2325 0.153 6.176 1.569 7.453
0.153 6.176 1.569 7.453
2326 2374 0.153 6.176 1.569 7.453
0.153 6.176 1.569 7.453
2376 2328 0.152 6.176 1.569 7.453
0.152 6.176 1.569 7.453
2377 2329 0.153 6.176 1.569 7.453
0.153 6.176 1.569 7.453
2330 2378 0.152 6.176 1.569 7.453
0.152 6.176 1.569 7.453
2379 2331 0.152 6.176 1.569 7.453
0.152 6.176 1.569 7.453
2380 2332 0.152 6.176 1.569 7.453
0.152 6.176 1.569 7.453
2381 2333 0.152 6.177 1.569 7.453
0.152 6.177 1.569 7.453
2382 2334 0.152 6.176 1.569 7.453
0.153 6.176 1.569 7.453
2383 2335 0.153 6.176 1.569 7.452
0.153 6.176 1.569 7.452
2384 2336 0.153 6.176 1.569 7.453
0.153 6.176 1.569 7.453
2385 2337 0.153 6.176 1.569 7.452
0.153 6.176 1.569 7.452
2386 2338 0.152 6.176 1.569 7.453
0.152 6.176 1.569 7.453
2388 2340 0.153 6.176 1.569 7.452
0.153 6.176 1.569 7.452
2389 2341 0.152 6.176 1.569 7.453
0.152 6.176 1.569 7.453
2390 2342 0.152 6.177 1.569 7.453
0.152 6.177 1.569 7.453
2343 2391 0.152 6.177 1.569 7.453
0.152 6.177 1.569 7.453
2344 2392 0.152 6.177 1.569 7.454
0.152 6.176 1.569 7.453
2345 2393 0.152 6.177 1.569 7.453
0.152 6.176 1.569 7.453
2346 2394 0.152 6.177 1.569 7.453
0.152 6.177 1.569 7.453
2347 2395 0.152 6.177 1.569 7.453
0.152 6.176 1.569 7.453
2348 2396 0.152 6.177 1.569 7.453
0.152 6.176 1.569 7.453
2349 2397 0.152 6.176 1.569 7.453
0.152 6.176 1.569 7.453
2350 0.153 6.176 1.569 7.453
2398 0.153 6.176 1.569 7.453
2352 0.153 6.176 1.569 7.453
2400 0.153 6.176 1.569 7.452
2353 0.153 6.176 1.569 7.453
2401 0.153 6.176 1.569 7.452
2354 0.153 6.176 1.569 7.453
2402 0.153 6.176 1.569 7.453
2355 0.152 6.176 1.569 7.453
2403 0.152 6.176 1.569 7.453
2356 0.152 6.176 1.569 7.453
2404 0.152 6.176 1.569 7.453
2357 2405 0.153 6.176 1.569 7.452
0.153 6.176 1.569 7.452
2358 2406 0.153 6.176 1.569 7.452
0.153 6.176 1.569 7.452
2359 2407 0.153 6.176 1.569 7.452
0.153 6.176 1.569 7.453
2360 2408 0.152 6.176 1.569 7.453
0.152 6.176 1.569 7.453
2361 2409 0.152 6.176 1.569 7.453
0.152 6.177 1.569 7.453
2362 2410 0.152 6.176 1.569 7.453
0.152 6.176 1.569 7.453
2364 2412 0.153 6.176 1.569 7.453
0.153 6.176 1.569 7.452
2365 2413 0.152 6.176 1.569 7.453
0.152 6.176 1.569 7.453
2366 2414 0.152 6.176 1.569 7.453
0.153 6.176 1.569 7.452
2367 2415 0.152 6.176 1.569 7.453
0.153 6.176 1.569 7.453
2368 2416 0.152 6.176 1.569 7.453
0.152 6.176 1.569 7.453
2417 2369 0.152 6.176 1.569 7.453
0.152 6.176 1.569 7.453
2418 2370 0.153 6.176 1.569 7.453
0.153 6.176 1.569 7.453
2419 2371 0.153 6.176 1.569 7.452
0.153 6.176 1.569 7.452
2420 2372 0.152 6.176 1.569 7.453
0.152 6.176 1.569 7.453
2373 2421 0.152 6.176 1.569 7.453
0.152 6.176 1.569 7.453
2374 2422 0.153 6.176 1.569 7.453
0.152 6.176 1.569 7.453
2376 2424 0.153 6.176 1.569 7.453
0.152 6.176 1.569 7.453
2377 2425 0.153 6.176 1.569 7.453
0.153 6.176 1.569 7.453
2378 2426 0.153 6.176 1.569 7.453
0.153 6.176 1.569 7.453
2379 2427 0.153 6.176 1.569 7.452
0.153 6.176 1.569 7.452
2380 2428 0.152 6.176 1.569 7.453
0.153 6.176 1.569 7.453
2381 0.153 6.189 1.555 7.452
2429 0.153 6.189 1.555 7.452
2382 0.153 6.219 1.526 7.452
2430 0.153 6.218 1.526 7.452
2383 0.153 6.26 1.484 7.452
2431 0.154 6.263 1.48 7.452
2384 0.154 6.363 1.38 7.451
2432 0.155 6.363 1.38 7.451
2385 0.154 6.364 1.38 7.451
2433 0.154 6.364 1.379 7.451
2386 0.154 6.446 1.298 7.457
2434 0.155 6.449 1.294 7.457
2387 0.154 6.551 1.192 7.466
2435 0.154 6.552 1.192 7.466
2388 0.153 6.678 1.066 7.474
2436 0.154 6.677 1.066 7.474
2389 0.155 6.703 1.04 7.479
2437 0.155 6.703 1.04 7.479
2390 0.154 6.703 1.04 7.48
2438 0.154 6.704 1.04 7.48
2392 0.154 6.877 0.866 7.49
2440 0.154 6.878 0.865 7.49
2393 0.155 6.94 0.802 7.498
2441 0.154 6.941 0.802 7.499
2394 0.153 6.967 0.776 7.5
2442 0.153 6.967 0.776 7.5
2395 0.153 6.968 0.776 7.5
2443 0.153 6.968 0.776 7.5
2396 0.153 6.967 0.776 7.5
2402 2450 0.153 6.968 0.776 7.501
0.153 6.968 0.776 7.501
2403 2451 0.152 6.969 0.776 7.502
0.152 6.969 0.776 7.502
2404 2452 0.152 6.969 0.776 7.502
0.152 6.969 0.776 7.502
2453 2405 0.152 6.969 0.776 7.501
0.152 6.969 0.776 7.501
2454 2406 0.152 6.969 0.776 7.502
0.152 6.969 0.776 7.502
2455 2407 0.152 6.969 0.776 7.502
0.152 6.969 0.776 7.502
2456 2408 0.152 6.969 0.776 7.502
0.152 6.969 0.776 7.502
2458 2410 0.152 6.969 0.776 7.502
0.152 6.969 0.776 7.501
2459 2411 0.152 6.969 0.776 7.501
0.152 6.969 0.776 7.501
2460 2412 0.153 6.969 0.776 7.501
0.153 6.969 0.776 7.501
2461 2413 0.153 6.968 0.776 7.501
0.153 6.968 0.776 7.501
2462 2414 0.152 6.969 0.776 7.501
0.152 6.969 0.776 7.501
2463 2415 0.152 6.969 0.776 7.501
0.152 6.969 0.776 7.501
2464 2416 0.153 6.969 0.776 7.501
0.153 6.969 0.776 7.501
2465 2417 0.152 6.969 0.776 7.502
0.152 6.969 0.776 7.502
2466 2418 0.152 6.969 0.776 7.501
0.152 6.969 0.776 7.501
2467 2419 0.152 6.969 0.776 7.501
0.152 6.969 0.776 7.501
2468 2420 0.152 6.969 0.776 7.501
0.152 6.969 0.776 7.501
2470 2422 0.152 6.969 0.776 7.501
0.152 6.969 0.776 7.501
2471 2423 0.153 6.969 0.776 7.501
0.153 6.969 0.776 7.501
2472 2424 0.153 6.968 0.776 7.501
0.153 6.968 0.776 7.501
2473 2425 0.152 6.969 0.776 7.501
0.152 6.969 0.776 7.501
2474 2426 0.152 6.969 0.776 7.501
0.152 6.969 0.776 7.501
2427 2475 0.152 6.97 0.776 7.502
0.152 6.969 0.776 7.502
2428 2476 0.152 6.969 0.776 7.501
0.152 6.969 0.776 7.501
2429 2477 0.153 6.968 0.776 7.501
0.153 6.968 0.776 7.501
2430 2478 0.153 6.968 0.776 7.501
0.153 6.968 0.776 7.501
2431 2479 0.152 6.969 0.776 7.501
0.152 6.969 0.776 7.501
2433 2481 0.153 6.968 0.776 7.501
0.153 6.968 0.776 7.501
2434 2482 0.153 6.968 0.776 7.501
0.153 6.968 0.776 7.501
2435 2483 0.153 6.968 0.776 7.5
0.153 6.968 0.776 7.5
2484 2436 0.153 6.968 0.776 7.5
0.153 6.968 0.776 7.5
2485 2437 0.153 6.968 0.776 7.5
0.154 6.968 0.776 7.5
2486 2438 0.153 6.968 0.776 7.5
0.153 6.968 0.776 7.5
2487 2439 0.153 6.968 0.776 7.5
0.153 6.968 0.776 7.5
2488 2440 0.153 6.968 0.776 7.5
0.153 6.968 0.776 7.5
2489 2441 0.153 6.968 0.776 7.501
0.152 6.969 0.776 7.501
2490 0.153 6.969 0.776 7.501
2442 0.153 6.969 0.776 7.501
2491 2443 0.153 6.968 0.776 7.501
0.153 6.968 0.776 7.501
2493 2445 0.153 6.969 0.776 7.501
0.153 6.969 0.776 7.501
2494 2446 0.152 6.969 0.776 7.502
0.152 6.969 0.776 7.502
2495 2447 0.152 6.969 0.776 7.502
0.152 6.969 0.776 7.502
2496 0.152 6.969 0.776 7.501
2448 0.152 6.969 0.776 7.501
2497 0.153 6.969 0.776 7.501
2449 0.153 6.969 0.776 7.501
2498 0.153 6.969 0.776 7.501
2450 0.153 6.969 0.776 7.501
2499 0.152 6.969 0.776 7.501
2451 0.152 6.969 0.776 7.501
2500 2452 0.153 6.969 0.776 7.501
0.153 6.969 0.776 7.501
2501 2453 0.152 6.969 0.776 7.501
0.152 6.969 0.776 7.501
2502 2454 0.153 6.969 0.776 7.501
0.153 6.969 0.776 7.501
2504 2456 0.153 6.968 0.776 7.5
0.153 6.968 0.776 7.5
2505 2457 0.153 6.969 0.776 7.501
0.153 6.969 0.776 7.501
2506 2458 0.153 6.968 0.776 7.501
0.153 6.968 0.776 7.501
2507 2459 0.152 6.969 0.776 7.501
0.153 6.969 0.776 7.501
2508 2460 0.153 6.969 0.776 7.501
0.153 6.969 0.776 7.501
2509 2461 0.152 6.969 0.776 7.501
0.152 6.969 0.776 7.501
2510 2462 0.153 6.969 0.776 7.501
0.153 6.969 0.776 7.501
2511 2463 0.153 6.969 0.776 7.501
0.153 6.969 0.776 7.501
2512 2464 0.153 6.969 0.776 7.501
0.153 6.969 0.776 7.501
2513 2465 0.153 6.969 0.776 7.501
0.153 6.969 0.776 7.501
2514 2466 0.153 6.969 0.776 7.501
0.153 6.969 0.776 7.501
2515 2467 0.153 6.969 0.776 7.501
0.153 6.969 0.776 7.501
2517 2469 0.152 6.969 0.776 7.502
0.152 6.969 0.776 7.502
2518 2470 0.153 6.969 0.776 7.501
0.153 6.969 0.776 7.501
2519 2471 0.153 6.968 0.776 7.501
0.153 6.968 0.776 7.501
2520 2472 0.153 6.968 0.776 7.501
0.153 6.968 0.776 7.501
2521 2473 0.153 6.969 0.776 7.501
0.153 6.969 0.776 7.501
2522 2474 0.152 6.969 0.776 7.502
0.152 6.969 0.776 7.502
2523 2475 0.152 6.969 0.776 7.502
0.152 6.969 0.776 7.502
2524 2476 0.153 6.969 0.776 7.501
0.153 6.969 0.776 7.501
2477 2525 0.152 6.969 0.776 7.501
0.153 6.969 0.776 7.501
2478 2526 0.152 6.969 0.776 7.502
0.152 6.969 0.776 7.502
2479 2528 0.153 6.969 0.776 7.501
0.153 6.969 0.776 7.501
2481 2529 0.153 6.969 0.776 7.501
0.153 6.969 0.776 7.501
2482 2530 0.152 6.969 0.776 7.501
0.152 6.969 0.776 7.501
2483 2531 0.152 6.969 0.776 7.502
0.152 6.969 0.776 7.502
2484 2532 0.152 6.969 0.776 7.502
0.152 6.969 0.776 7.501
2485 2533 0.152 6.969 0.776 7.501
0.152 6.969 0.776 7.501
2486 2534 0.152 6.97 0.776 7.502
0.152 6.97 0.776 7.502
2487 2535 0.152 6.969 0.776 7.502
0.152 6.969 0.776 7.502
2488 2536 0.153 6.969 0.776 7.501
0.152 6.969 0.776 7.501
2489 2537 0.169 6.952 0.776 7.485
0.169 6.952 0.776 7.485
2490 2538 0.153 6.968 0.776 7.5
0.153 6.968 0.776 7.5
2492 2540 0.153 6.968 0.776 7.501
0.153 6.968 0.776 7.501
2541 2493 0.153 6.969 0.776 7.501
0.153 6.969 0.776 7.501
2494 2542 0.152 6.969 0.776 7.501
0.152 6.969 0.776 7.501
2495 2543 0.153 6.969 0.776 7.501
0.153 6.969 0.776 7.501
2496 2544 0.153 6.969 0.776 7.501
0.153 6.969 0.776 7.501
2497 2545 0.152 6.969 0.776 7.501
0.152 6.969 0.776 7.501
2498 2546 0.153 6.969 0.776 7.501
0.153 6.969 0.776 7.501
2499 2547 0.153 6.968 0.776 7.501
0.153 6.968 0.776 7.501
2500 2548 0.153 6.968 0.776 7.5
0.154 6.968 0.776 7.5
2501 2549 0.153 6.968 0.776 7.501
0.153 6.968 0.776 7.501
2503 2551 0.154 6.967 0.776 7.5
0.154 6.967 0.776 7.5
2504 2552 0.153 6.968 0.776 7.5
0.153 6.968 0.776 7.5
2505 2553 0.153 6.968 0.776 7.501
0.153 6.968 0.776 7.501
2506 2554 0.153 6.969 0.776 7.501
0.153 6.969 0.776 7.501
2507 2555 0.152 6.969 0.776 7.501
0.152 6.969 0.776 7.501
2556 2508 0.153 6.969 0.776 7.501
0.152 6.969 0.776 7.501
2557 2509 0.153 6.969 0.776 7.501
0.153 6.969 0.776 7.501
2558 2510 0.153 6.968 0.776 7.501
0.153 6.968 0.776 7.501
2559 2511 0.152 6.969 0.776 7.501
0.152 6.969 0.776 7.501
2562 2514 0.152 6.969 0.776 7.502
0.152 6.969 0.776 7.502
2563 2515 0.153 6.969 0.776 7.501
0.153 6.969 0.776 7.501
2564 2516 0.153 6.969 0.776 7.501
0.153 6.969 0.776 7.501
2565 2517 0.153 6.968 0.776 7.501
0.153 6.968 0.776 7.501
2566 2518 0.153 6.968 0.776 7.501
0.153 6.968 0.776 7.501
2519 2567 0.153 6.969 0.776 7.501
0.153 6.969 0.776 7.501
2520 2568 0.152 6.969 0.776 7.501
0.152 6.969 0.776 7.501
2521 2569 0.152 6.969 0.776 7.501
0.152 6.969 0.776 7.501
2522 2570 0.152 6.969 0.776 7.502
0.153 6.969 0.776 7.501
2571 2523 0.152 6.969 0.776 7.502
0.152 6.969 0.776 7.502
2573 2525 0.152 6.969 0.776 7.502
0.152 6.969 0.776 7.502
2574 2526 0.152 6.969 0.776 7.502
0.152 6.969 0.776 7.502
2575 2527 0.152 6.969 0.776 7.501
0.152 6.969 0.776 7.501
2576 2528 0.152 6.969 0.776 7.502
0.152 6.969 0.776 7.502
2577 2529 0.152 6.969 0.776 7.502
0.152 6.969 0.776 7.502
2578 2530 0.152 6.969 0.776 7.502
0.152 6.969 0.776 7.502
2579 2531 0.152 6.969 0.776 7.502
0.152 6.969 0.776 7.502
2580 2532 0.152 6.969 0.776 7.501
0.152 6.969 0.776 7.501
2581 2533 0.153 6.969 0.776 7.501
0.153 6.969 0.776 7.501
2582 2534 0.153 6.969 0.776 7.501
0.153 6.969 0.776 7.501
2583 2535 0.152 6.969 0.776 7.501
0.152 6.969 0.776 7.501
2585 2537 0.153 6.968 0.776 7.501
0.153 6.968 0.776 7.501
2586 2538 0.153 6.968 0.776 7.5
0.153 6.968 0.776 7.5
2539 2587 0.153 6.968 0.776 7.501
0.153 6.968 0.776 7.501
2540 2588 0.153 6.969 0.776 7.501
0.153 6.969 0.776 7.501
2541 2589 0.153 6.968 0.776 7.501
0.153 6.968 0.776 7.501
2542 2590 0.153 6.968 0.776 7.5
0.153 6.968 0.776 7.5
2543 2591 0.153 6.969 0.776 7.501
0.153 6.968 0.776 7.501
2544 2592 0.152 6.969 0.776 7.501
0.152 6.969 0.776 7.501
2545 2593 0.153 6.969 0.776 7.501
0.153 6.969 0.776 7.501
2546 2594 0.152 6.969 0.776 7.501
0.152 6.969 0.776 7.501
2595 2547 0.153 6.968 0.776 7.501
0.153 6.968 0.776 7.501
2597 2549 0.154 6.968 0.776 7.5
0.153 6.968 0.776 7.5
2550 2598 0.153 6.968 0.776 7.501
0.153 6.968 0.776 7.501
2551 2599 0.153 6.968 0.776 7.501
0.153 6.968 0.776 7.501
2600 2552 0.152 6.969 0.776 7.502
0.152 6.969 0.776 7.502
2601 2553 0.152 6.969 0.776 7.502
0.152 6.969 0.776 7.502
2554 2602 0.152 6.969 0.776 7.501
0.152 6.969 0.776 7.501
2555 2603 0.152 6.969 0.776 7.501
0.152 6.969 0.776 7.501
2556 2604 0.152 6.969 0.776 7.502
0.152 6.969 0.776 7.501
2557 2605 0.152 6.969 0.776 7.501
0.152 6.969 0.776 7.501
2558 2606 0.153 6.969 0.776 7.501
0.153 6.969 0.776 7.501
2560 2608 0.152 6.969 0.776 7.501
0.152 6.969 0.776 7.501
2561 2609 0.152 6.969 0.776 7.501
0.152 6.969 0.776 7.501
2562 2610 0.152 6.969 0.776 7.501
0.152 6.969 0.776 7.501
2563 2611 0.153 6.968 0.776 7.501
0.153 6.968 0.776 7.501
2564 0.153 6.968 0.776 7.501
2612 0.153 6.968 0.776 7.5
2565 0.153 6.968 0.776 7.5
2613 0.153 6.968 0.776 7.501
2566 2614 0.153 6.968 0.776 7.501
0.153 6.968 0.776 7.501
2567 2615 0.154 6.968 0.776 7.5
0.153 6.968 0.776 7.5
2568 2616 0.153 6.968 0.776 7.501
0.153 6.968 0.776 7.501
2569 2617 0.153 6.968 0.776 7.501
0.153 6.968 0.776 7.501
2570 2619 0.153 6.968 0.776 7.501
0.153 6.968 0.776 7.501
2572 2620 0.153 6.968 0.776 7.501
0.153 6.968 0.776 7.501
2573 2621 0.152 6.969 0.776 7.501
0.152 6.969 0.776 7.501
2574 2622 0.152 6.969 0.776 7.501
0.152 6.969 0.776 7.501
2575 2623 0.152 6.969 0.776 7.502
0.152 6.969 0.776 7.502
2576 2624 0.152 6.97 0.776 7.502
0.152 6.97 0.776 7.502
2577 2625 0.152 6.969 0.776 7.502
0.152 6.969 0.776 7.502
2578 2626 0.153 6.968 0.776 7.501
0.153 6.969 0.776 7.501
2579 2627 0.152 6.969 0.776 7.501
0.152 6.969 0.776 7.501
2580 2628 0.152 6.969 0.776 7.501
0.152 6.969 0.776 7.501
2581 2629 0.153 6.969 0.776 7.501
0.153 6.969 0.776 7.501
2631 2583 0.152 6.969 0.776 7.501
0.152 6.969 0.776 7.501
2632 2584 0.153 6.969 0.776 7.501
0.153 6.968 0.776 7.501
2633 2585 0.153 6.968 0.776 7.501
0.153 6.968 0.776 7.501
2634 2586 0.153 6.969 0.776 7.501
0.153 6.969 0.776 7.501
2635 2587 0.152 6.969 0.776 7.501
0.152 6.969 0.776 7.501
2636 2588 0.152 6.969 0.776 7.501
0.152 6.969 0.776 7.501
2637 2589 0.152 6.969 0.776 7.502
0.152 6.969 0.776 7.501
2590 2638 0.153 6.968 0.776 7.501
0.153 6.968 0.776 7.501
2591 2639 0.152 6.969 0.776 7.501
0.152 6.969 0.776 7.501
2592 2640 0.152 6.969 0.776 7.502
0.152 6.969 0.776 7.502
2594 2642 0.152 6.969 0.776 7.502
0.152 6.969 0.776 7.501
2643 2595 0.152 6.969 0.776 7.501
0.152 6.969 0.776 7.502
2644 0.152 6.969 0.776 7.501
2596 0.152 6.969 0.776 7.502
2645 0.152 6.969 0.776 7.502
2597 0.152 6.969 0.776 7.501
2646 0.152 6.969 0.776 7.502
2598 0.152 6.969 0.776 7.501
2647 0.152 6.969 0.776 7.502
2599 0.152 6.969 0.776 7.501
2648 2600 0.152 6.969 0.776 7.501
0.152 6.969 0.776 7.501
2649 2601 0.153 6.969 0.776 7.501
0.153 6.968 0.776 7.501
2650 2602 0.153 6.968 0.776 7.501
0.153 6.968 0.776 7.501
2651 2603 0.153 6.968 0.776 7.501
0.153 6.968 0.776 7.501
2652 2604 0.152 6.969 0.776 7.501
0.152 6.969 0.776 7.501
2606 2654 0.152 6.969 0.776 7.501
0.153 6.969 0.776 7.501
2607 2655 0.152 6.969 0.776 7.501
0.152 6.969 0.776 7.501
2656 2608 0.154 6.968 0.776 7.5
0.153 6.968 0.776 7.5
2609 2657 0.153 6.968 0.776 7.5
0.153 6.968 0.776 7.5
2610 2658 0.153 6.968 0.776 7.5
0.153 6.968 0.776 7.501
2611 2659 0.153 6.968 0.776 7.501
0.153 6.968 0.776 7.501
2612 2660 0.152 6.969 0.776 7.501
0.152 6.969 0.776 7.501
2613 0.181 6.94 0.776 7.472
2661 0.181 6.94 0.776 7.472
2614 0.179 6.942 0.776 7.475
2662 0.179 6.941 0.777 7.474
2615 0.18 6.941 0.776 7.473
2663 0.181 6.94 0.776 7.473
2616 0.182 6.939 0.776 7.472
2664 0.184 6.937 0.776 7.469
2617 0.199 6.918 0.781 7.455
2665 0.199 6.917 0.781 7.455
2618 0.194 6.914 0.79 7.46
2666 0.194 6.913 0.79 7.46
2619 2667 0.194 6.913 0.79 7.46
0.194 6.914 0.79 7.46
2621 2669 0.194 6.913 0.79 7.46
0.194 6.913 0.79 7.46
2670 2622 0.194 6.914 0.79 7.46
0.193 6.914 0.79 7.46
2671 2623 0.193 6.913 0.791 7.461
0.193 6.913 0.791 7.461
2672 2624 0.195 6.869 0.833 7.456
0.196 6.869 0.833 7.456
2673 2625 0.196 6.862 0.84 7.456
0.196 6.861 0.84 7.456
2674 2626 0.2 6.845 0.851 7.451
0.2 6.845 0.851 7.451
2675 2627 0.201 6.844 0.852 7.45
0.201 6.844 0.852 7.45
2676 2628 0.202 6.833 0.862 7.449
0.202 6.833 0.862 7.449
2677 0.206 6.808 0.884 7.444
2629 0.206 6.806 0.885 7.443
2678 2630 0.22 6.784 0.893 7.429
0.221 6.784 0.893 7.429
2679 2631 0.221 6.778 0.899 7.428
0.221 6.777 0.899 7.427
2681 2633 0.223 6.767 0.907 7.425
0.223 6.767 0.907 7.425
2682 2634 0.224 6.759 0.915 7.424
0.224 6.759 0.915 7.424
2683 2635 0.225 6.745 0.927 7.422
0.225 6.745 0.927 7.422
2684 2636 0.226 6.739 0.932 7.421
0.226 6.74 0.932 7.421
2691 2643 0.226 6.739 0.932 7.421
0.226 6.739 0.932 7.421
2692 2644 0.226 6.736 0.935 7.421
0.226 6.736 0.935 7.421
2693 0.227 6.725 0.946 7.42
2645 0.227 6.724 0.946 7.419
2694 2646 0.227 6.72 0.95 7.419
0.227 6.72 0.95 7.419
2695 2647 0.227 6.719 0.951 7.419
0.227 6.719 0.951 7.419
2648 2696 0.228 6.712 0.958 7.418
0.228 6.712 0.958 7.418
2649 2697 0.227 6.699 0.971 7.418
0.227 6.698 0.972 7.418
2650 0.228 6.685 0.984 7.416
2698 0.229 6.685 0.984 7.416
2652 0.228 6.677 0.992 7.416
2700 0.228 6.677 0.992 7.416
2653 0.228 6.671 0.997 7.415
2701 0.229 6.671 0.997 7.415
2654 2702 0.228 6.668 1.002 7.415
0.228 6.667 1.002 7.415
2655 2703 0.229 6.658 1.011 7.414
0.229 6.657 1.011 7.414
2656 2704 0.229 6.657 1.012 7.414
0.229 6.657 1.012 7.414
2705 2657 0.229 6.655 1.013 7.414
0.229 6.655 1.013 7.413
2660 2708 0.231 6.645 1.021 7.411
0.231 6.645 1.021 7.411
2661 2709 0.236 6.633 1.028 7.406
0.236 6.633 1.028 7.406
2662 2710 0.238 6.623 1.036 7.404
0.238 6.623 1.036 7.404
2663 2711 0.239 6.608 1.05 7.402
0.239 6.608 1.05 7.402
2664 0.243 6.592 1.062 7.398
2712 0.243 6.592 1.062 7.397
2665 2713 0.244 6.581 1.072 7.397
0.244 6.581 1.072 7.397
2666 2714 0.246 6.569 1.082 7.394
0.246 6.569 1.082 7.394
2667 2715 0.247 6.558 1.092 7.393
0.247 6.558 1.092 7.393
2668 2716 0.248 6.546 1.103 7.391
0.249 6.546 1.103 7.391
2670 2718 0.249 6.535 1.114 7.39
0.249 6.535 1.114 7.39
2671 2719 0.249 6.533 1.115 7.39
0.249 6.533 1.115 7.39
2672 2720 0.249 6.525 1.123 7.389
0.25 6.524 1.123 7.389
2673 2721 0.252 6.513 1.133 7.386
0.252 6.513 1.133 7.386
2674 2722 0.253 6.508 1.137 7.385
0.253 6.508 1.137 7.385
2726 2678 0.253 6.502 1.142 7.385
0.253 6.502 1.142 7.385
2727 2679 0.253 6.501 1.143 7.385
0.253 6.501 1.143 7.385
2728 2680 0.253 6.501 1.143 7.385
0.253 6.501 1.143 7.385
2730 2682 0.255 6.497 1.146 7.383
0.255 6.497 1.146 7.383
2683 2731 0.255 6.496 1.146 7.383
0.255 6.496 1.146 7.383
2684 2732 0.255 6.496 1.146 7.382
0.255 6.496 1.146 7.382
2685 2733 0.261 6.485 1.151 7.377
0.261 6.485 1.151 7.377
2686 2734 0.266 6.479 1.152 7.372
0.266 6.479 1.152 7.372
2687 2735 0.275 6.469 1.153 7.363
0.275 6.469 1.153 7.363
2688 2736 0.277 6.465 1.155 7.36
0.277 6.465 1.155 7.36
2689 0.296 6.4 1.201 7.341
2737 0.297 6.4 1.201 7.341
2691 2739 0.297 6.4 1.201 7.341
0.297 6.399 1.201 7.34
2741 2693 0.298 6.39 1.209 7.339
0.299 6.389 1.209 7.338
2694 2742 0.299 6.375 1.223 7.338
0.299 6.375 1.223 7.338
2695 2743 0.299 6.375 1.223 7.338
0.299 6.375 1.223 7.338
2696 2744 0.299 6.375 1.223 7.338
0.299 6.375 1.223 7.338
2746 2698 0.299 6.374 1.224 7.338
0.299 6.374 1.224 7.338
2747 2699 0.299 6.374 1.224 7.338
0.299 6.374 1.224 7.338
2749 0.318 6.334 1.246 7.319
2701 0.318 6.333 1.246 7.319
2750 2702 0.319 6.332 1.246 7.318
0.319 6.332 1.246 7.318
2758 0.32 6.33 1.247 7.317
2710 0.321 6.33 1.247 7.316
2759 0.329 6.275 1.294 7.308
2711 0.329 6.274 1.294 7.307
2760 0.329 6.275 1.294 7.308
2712 0.329 6.274 1.294 7.307
2766 2718 0.337 6.267 1.294 7.3
0.337 6.266 1.295 7.3
2771 2723 0.325 6.26 1.313 7.312
0.325 6.26 1.313 7.312
2772 2724 0.325 6.26 1.313 7.312
0.325 6.26 1.313 7.312
2773 0.325 6.26 1.313 7.312
2725 0.325 6.26 1.313 7.312
2774 0.325 6.26 1.313 7.312
2726 0.325 6.259 1.313 7.311
2775 0.324 6.26 1.313 7.312
2727 0.325 6.26 1.313 7.312
2776 0.324 6.26 1.313 7.312
2728 0.324 6.26 1.313 7.312
2777 0.326 6.224 1.347 7.31
2729 0.326 6.224 1.347 7.31
2778 0.327 6.221 1.349 7.309
2731 0.327 6.221 1.349 7.309
2780 0.326 6.222 1.349 7.309
2732 0.326 6.222 1.349 7.309
2781 0.326 6.222 1.349 7.31
2733 0.326 6.222 1.349 7.309
2738 2786 0.327 6.22 1.35 7.309
0.327 6.22 1.35 7.309
2739 2787 0.327 6.219 1.352 7.309
0.327 6.219 1.352 7.309
2740 2788 0.326 6.217 1.354 7.309
0.326 6.217 1.354 7.309
2789 2741 0.326 6.216 1.355 7.309
0.326 6.217 1.355 7.309
2790 0.318 6.172 1.408 7.316
2742 0.318 6.172 1.408 7.315
2791 2743 0.318 6.169 1.41 7.316
0.318 6.169 1.41 7.316
2745 2793 0.318 6.168 1.411 7.315
0.318 6.168 1.411 7.315
2746 2794 0.318 6.162 1.418 7.315
0.318 6.162 1.418 7.315
2747 2795 0.317 6.161 1.419 7.316
0.317 6.161 1.419 7.316
2748 2796 0.316 6.155 1.427 7.317
0.316 6.155 1.427 7.317
2749 2797 0.315 6.15 1.432 7.318
0.315 6.15 1.432 7.318
2798 2750 0.316 6.148 1.433 7.317
0.316 6.148 1.433 7.317
2751 2799 0.316 6.147 1.434 7.316
0.316 6.147 1.434 7.316
2753 2801 0.316 6.147 1.434 7.316
0.316 6.147 1.434 7.316
2754 0.31 6.142 1.445 7.322
2802 0.31 6.142 1.445 7.321
2755 0.31 6.134 1.454 7.322
2803 0.311 6.132 1.454 7.321
2756 0.31 6.121 1.467 7.321
2804 0.31 6.121 1.467 7.321
2757 0.31 6.119 1.468 7.321
2805 0.31 6.118 1.469 7.321
2758 0.309 6.118 1.47 7.322
2806 0.309 6.118 1.47 7.322
2759 0.31 6.115 1.472 7.321
2807 0.31 6.115 1.473 7.321
2761 2809 0.31 6.112 1.475 7.321
0.31 6.112 1.475 7.321
2810 2762 0.309 6.11 1.478 7.322
0.309 6.11 1.478 7.322
2811 2763 0.309 6.11 1.478 7.322
0.309 6.11 1.478 7.321
2812 2764 0.309 6.106 1.483 7.322
0.309 6.106 1.483 7.322
2813 2765 0.306 6.099 1.493 7.325
0.306 6.098 1.493 7.324
2769 2817 0.304 6.098 1.495 7.326
0.304 6.098 1.496 7.327
2770 0.295 6.086 1.516 7.334
2818 0.296 6.085 1.516 7.334
2771 0.296 6.085 1.517 7.333
2819 0.296 6.085 1.517 7.333
2821 2773 0.296 6.083 1.519 7.334
0.296 6.082 1.519 7.333
2822 2774 0.296 6.078 1.523 7.333
0.296 6.078 1.523 7.333
2775 2823 0.296 6.061 1.539 7.332
0.296 6.061 1.539 7.332
2778 2826 0.295 6.056 1.546 7.333
0.296 6.056 1.546 7.333
2779 2827 0.291 6.045 1.561 7.337
0.291 6.045 1.561 7.336
2780 2828 0.29 6.03 1.577 7.337
0.29 6.029 1.577 7.337
2781 2829 0.288 6.017 1.592 7.339
0.288 6.017 1.592 7.339
2830 2782 0.289 6.001 1.607 7.337
0.289 6.001 1.607 7.337
2785 2833 0.29 5.995 1.612 7.335
0.29 5.995 1.612 7.335
2786 2834 0.29 5.995 1.612 7.336
0.29 5.995 1.612 7.336
2835 2787 0.291 5.994 1.612 7.335
0.291 5.994 1.612 7.335
2837 2789 0.29 5.992 1.615 7.335
0.29 5.992 1.616 7.336
2838 2790 0.291 5.98 1.625 7.334
0.291 5.98 1.626 7.334
2839 2791 0.291 5.971 1.634 7.334
0.291 5.971 1.635 7.334
2840 2792 0.28 5.98 1.638 7.345
0.28 5.98 1.638 7.345
2794 2842 0.28 5.98 1.638 7.345
0.28 5.98 1.638 7.345
2795 2843 0.28 5.98 1.638 7.345
0.28 5.98 1.638 7.345
2797 2845 0.282 5.967 1.648 7.343
0.282 5.967 1.648 7.343
2798 2846 0.282 5.965 1.651 7.343
0.282 5.965 1.651 7.343
2799 2847 0.283 5.958 1.657 7.342
0.283 5.958 1.657 7.342
2800 0.282 5.949 1.666 7.342
2848 0.283 5.948 1.666 7.341
2801 0.282 5.937 1.677 7.341
2849 0.283 5.937 1.677 7.341
2802 0.283 5.934 1.68 7.34
2850 0.283 5.934 1.68 7.34
2807 0.284 5.932 1.681 7.34
2855 0.284 5.932 1.681 7.34
2809 0.284 5.931 1.683 7.339
2857 0.284 5.931 1.683 7.339
2858 0.285 5.929 1.684 7.339
2810 0.285 5.928 1.685 7.338
2860 0.285 5.92 1.692 7.338
2812 0.285 5.92 1.692 7.338
2862 2814 0.284 5.912 1.701 7.339
0.285 5.912 1.701 7.338
2863 2815 0.285 5.906 1.706 7.337
0.285 5.906 1.706 7.337
2864 2816 0.285 5.906 1.706 7.338
0.285 5.907 1.706 7.338
2865 2817 0.285 5.905 1.707 7.337
0.285 5.905 1.707 7.337
2866 2818 0.285 5.905 1.707 7.337
0.285 5.905 1.707 7.337
2821 2869 0.285 5.904 1.709 7.338
0.285 5.904 1.709 7.338
2822 0.284 5.879 1.734 7.337
2870 0.285 5.877 1.735 7.337
2823 0.285 5.87 1.742 7.336
2871 0.286 5.87 1.742 7.336
2872 2824 0.285 5.862 1.75 7.336
0.286 5.862 1.75 7.336
2873 2825 0.289 5.838 1.771 7.332
0.289 5.838 1.771 7.332
2826 2874 0.288 5.836 1.772 7.332
0.289 5.836 1.772 7.332
2827 2876 0.29 5.823 1.785 7.331
0.29 5.822 1.785 7.33
2829 2877 0.29 5.812 1.795 7.33
0.29 5.811 1.796 7.33
2881 2833 0.29 5.806 1.801 7.329
0.29 5.806 1.801 7.329
2882 0.291 5.801 1.806 7.329
2834 0.291 5.801 1.806 7.329
2837 2885 0.291 5.8 1.807 7.329
0.291 5.799 1.807 7.329
2838 2887 0.29 5.798 1.809 7.329
0.29 5.798 1.809 7.329
2840 2888 0.29 5.798 1.81 7.329
0.29 5.798 1.81 7.329
2841 0.29 5.797 1.81 7.329
2889 0.29 5.797 1.81 7.329
2842 0.291 5.797 1.81 7.329
2890 0.291 5.797 1.81 7.329
2843 0.29 5.774 1.834 7.329
2891 0.29 5.772 1.835 7.328
2844 0.29 5.771 1.836 7.329
2892 0.29 5.771 1.836 7.328
2845 0.29 5.771 1.836 7.329
2893 0.29 5.771 1.836 7.329
2846 0.29 5.768 1.839 7.329
2894 0.29 5.768 1.839 7.329
2896 2848 0.29 5.765 1.842 7.329
0.29 5.765 1.842 7.328
2849 2897 0.291 5.756 1.85 7.327
0.291 5.756 1.85 7.327
2850 2898 0.291 5.756 1.85 7.327
0.291 5.756 1.85 7.327
2851 2899 0.292 5.756 1.85 7.327
0.292 5.756 1.85 7.327
2856 2904 0.293 5.752 1.852 7.325
0.293 5.752 1.853 7.325
2911 2863 0.289 5.752 1.856 7.329
0.29 5.752 1.856 7.328
2912 2864 0.289 5.742 1.866 7.329
0.289 5.742 1.866 7.329
2913 2865 0.291 5.727 1.88 7.327
0.291 5.727 1.88 7.326
2914 2866 0.291 5.723 1.883 7.326
0.291 5.723 1.883 7.326
2915 2867 0.291 5.723 1.883 7.326
0.291 5.723 1.883 7.326
2872 0.291 5.723 1.883 7.326
2920 0.29 5.723 1.884 7.327
2873 2921 0.291 5.719 1.887 7.326
0.291 5.719 1.887 7.326
2875 2923 0.292 5.714 1.892 7.325
0.292 5.714 1.892 7.325
2876 2924 0.292 5.713 1.892 7.325
0.292 5.713 1.892 7.325
2877 2925 0.293 5.711 1.893 7.324
0.293 5.711 1.893 7.324
2878 2926 0.292 5.71 1.895 7.324
0.292 5.71 1.895 7.324
2929 0.291 5.709 1.897 7.325
2881 0.292 5.709 1.897 7.325
2930 0.292 5.687 1.919 7.324
2882 0.292 5.686 1.919 7.324
2931 2883 0.292 5.686 1.919 7.324
0.292 5.686 1.919 7.324
2932 0.292 5.683 1.923 7.324
2886 0.291 5.682 1.924 7.324
2888 2936 0.292 5.671 1.934 7.323
0.292 5.671 1.934 7.323
2889 2937 0.294 5.659 1.944 7.321
0.294 5.659 1.944 7.321
2890 2938 0.293 5.653 1.951 7.322
0.293 5.652 1.951 7.322
2891 2939 0.293 5.62 1.984 7.321
0.293 5.62 1.984 7.321
2892 2940 0.294 5.602 2.001 7.319
0.294 5.602 2.001 7.319
2893 2941 0.293 5.603 2.001 7.32
0.293 5.603 2.001 7.32
2904 2952 0.293 5.603 2.001 7.32
0.293 5.603 2.001 7.32
2905 2953 0.293 5.601 2.004 7.32
0.293 5.601 2.004 7.32
2906 2954 0.293 5.601 2.004 7.32
0.293 5.601 2.004 7.32
2907 2955 0.294 5.6 2.004 7.32
0.294 5.6 2.004 7.32
2908 2956 0.293 5.6 2.004 7.32
0.293 5.6 2.004 7.32
2958 0.292 5.597 2.008 7.32
2910 0.293 5.596 2.009 7.32
2960 0.292 5.591 2.014 7.32
2912 0.293 5.591 2.014 7.32
2961 0.292 5.589 2.017 7.321
2913 0.292 5.589 2.017 7.321
2962 0.292 5.564 2.042 7.32
2914 0.292 5.563 2.043 7.32
2963 0.292 5.56 2.045 7.32
2915 0.292 5.56 2.045 7.32
2964 0.293 5.559 2.045 7.319
2916 0.293 5.559 2.045 7.319
2966 0.288 5.557 2.052 7.323
2918 0.289 5.556 2.052 7.323
2967 0.289 5.55 2.058 7.322
2919 0.289 5.549 2.059 7.322
2968 0.29 5.542 2.065 7.321
2920 0.29 5.542 2.065 7.321
2969 0.29 5.542 2.065 7.322
2921 0.29 5.542 2.065 7.322
2970 0.29 5.542 2.065 7.321
2922 0.29 5.542 2.065 7.321
2971 2923 0.29 5.541 2.065 7.321
0.29 5.542 2.065 7.321
2972 2924 0.29 5.541 2.065 7.321
0.29 5.541 2.065 7.321
2932 2980 0.291 5.533 2.074 7.32
0.291 5.532 2.074 7.32
2933 2981 0.292 5.527 2.079 7.319
0.292 5.527 2.079 7.319
2934 2982 0.292 5.526 2.08 7.319
0.292 5.526 2.08 7.319
2988 2940 0.291 5.522 2.083 7.319
0.292 5.522 2.084 7.319
2989 2941 0.292 5.518 2.087 7.319
0.292 5.518 2.087 7.319
2990 2942 0.292 5.518 2.087 7.319
0.292 5.518 2.087 7.319
2944 2992 0.299 5.493 2.106 7.311
0.299 5.493 2.106 7.311
2945 0.294 5.496 2.107 7.316
2993 0.294 5.496 2.107 7.316
2996 2948 0.293 5.496 2.108 7.317
0.293 5.496 2.108 7.317
2997 2949 0.293 5.488 2.116 7.316
0.294 5.487 2.116 7.316
2998 2950 0.293 5.486 2.118 7.316
0.293 5.486 2.118 7.316
2963 3011 0.293 5.478 2.126 7.316
0.293 5.478 2.126 7.316
2964 3012 0.293 5.468 2.136 7.316
0.293 5.468 2.136 7.316
2965 3013 0.294 5.459 2.145 7.315
0.294 5.459 2.145 7.315
2966 3014 0.294 5.458 2.145 7.314
0.294 5.459 2.145 7.314
2968 3016 0.294 5.456 2.147 7.314
0.294 5.456 2.147 7.314
2970 3018 0.294 5.447 2.156 7.314
0.295 5.447 2.156 7.314
2971 3019 0.295 5.442 2.161 7.313
0.295 5.442 2.161 7.313
3020 2972 0.295 5.434 2.168 7.313
0.295 5.434 2.168 7.313
3022 0.295 5.433 2.17 7.313
2974 0.294 5.433 2.17 7.314
3023 0.295 5.418 2.185 7.313
2975 0.295 5.416 2.187 7.313
3024 0.295 5.404 2.198 7.312
2976 0.295 5.404 2.198 7.312
3025 0.295 5.404 2.198 7.312
2977 0.296 5.404 2.198 7.311
3026 0.295 5.4 2.203 7.312
2978 0.295 5.399 2.203 7.312
3033 2985 0.296 5.399 2.203 7.311
0.296 5.399 2.203 7.311
2986 3034 0.296 5.386 2.215 7.311
0.296 5.386 2.215 7.31
2987 3035 0.296 5.386 2.215 7.31
0.296 5.386 2.215 7.31
2988 3036 0.296 5.386 2.215 7.31
0.296 5.386 2.215 7.31
3038 2990 0.297 5.38 2.22 7.31
0.297 5.38 2.221 7.31
3039 0.297 5.373 2.227 7.31
2991 0.297 5.372 2.229 7.31
3040 0.297 5.367 2.233 7.309
2992 0.297 5.367 2.233 7.309
3041 0.297 5.367 2.233 7.309
2993 0.297 5.367 2.233 7.309
3042 0.297 5.367 2.233 7.309
2994 0.297 5.367 2.233 7.309
3057 3009 0.297 5.365 2.235 7.309
0.297 5.365 2.235 7.309
3058 3010 0.297 5.362 2.238 7.309
0.297 5.362 2.238 7.309
3060 3012 0.297 5.354 2.246 7.309
0.297 5.354 2.246 7.309
3061 3013 0.297 5.354 2.246 7.309
0.297 5.354 2.246 7.309
3064 3016 0.297 5.352 2.248 7.309
0.297 5.352 2.248 7.309
3065 3017 0.297 5.345 2.256 7.309
0.297 5.345 2.256 7.309
3066 3018 0.297 5.344 2.256 7.308
0.297 5.344 2.256 7.308
3081 3033 0.296 5.342 2.259 7.309
0.296 5.342 2.259 7.309
3082 3034 0.296 5.331 2.269 7.309
0.297 5.331 2.27 7.308
3083 3035 0.297 5.331 2.27 7.308
0.297 5.331 2.27 7.308
3085 3037 0.297 5.33 2.27 7.308
0.297 5.33 2.27 7.308
3086 3038 0.297 5.327 2.273 7.308
0.297 5.327 2.273 7.308
3044 3092 0.296 5.323 2.278 7.309
0.296 5.323 2.278 7.309
3045 3093 0.297 5.314 2.287 7.309
0.297 5.314 2.287 7.309
3046 3094 0.296 5.314 2.287 7.309
0.296 5.314 2.287 7.309
3048 3096 0.296 5.311 2.29 7.309
0.296 5.311 2.29 7.309
3049 0.296 5.31 2.29 7.309
3097 0.296 5.31 2.29 7.309
3054 3102 0.297 5.31 2.291 7.308
0.297 5.309 2.291 7.308
3055 3103 0.297 5.309 2.291 7.308
0.297 5.309 2.291 7.308
3056 3104 0.297 5.31 2.291 7.308
0.297 5.31 2.291 7.308
3057 3105 0.297 5.31 2.291 7.309
0.297 5.31 2.291 7.309
3058 0.297 5.31 2.291 7.308
3106 0.297 5.31 2.291 7.308
3060 3108 0.298 5.308 2.291 7.307
0.298 5.308 2.291 7.307
3062 3110 0.297 5.309 2.292 7.308
0.297 5.308 2.292 7.308
3063 0.296 5.301 2.3 7.309
3111 0.296 5.3 2.301 7.309
3064 0.296 5.271 2.33 7.309
3112 0.297 5.27 2.33 7.308
3065 0.297 5.266 2.335 7.308
3113 0.298 5.265 2.335 7.307
3120 3072 0.298 5.264 2.335 7.307
0.298 5.265 2.335 7.307
3073 3121 0.297 5.262 2.338 7.308
0.297 5.262 2.338 7.308
3074 3122 0.298 5.258 2.342 7.308
0.298 5.258 2.342 7.308
3075 0.298 5.255 2.344 7.307
3123 0.298 5.255 2.344 7.307
3076 0.298 5.228 2.371 7.308
3124 0.298 5.228 2.371 7.307
3077 0.298 5.22 2.38 7.308
3125 0.298 5.22 2.38 7.308
3079 3127 0.298 5.22 2.38 7.308
0.298 5.22 2.38 7.308
3080 3128 0.298 5.22 2.38 7.307
0.298 5.22 2.38 7.307
3081 3129 0.297 5.212 2.388 7.308
0.297 5.211 2.388 7.308
3082 0.297 5.205 2.395 7.308
3130 0.298 5.205 2.395 7.308
3083 0.297 5.205 2.395 7.308
3131 0.298 5.205 2.395 7.307
3135 3087 0.297 5.201 2.398 7.308
0.297 5.201 2.398 7.308
3136 3088 0.297 5.186 2.414 7.308
0.298 5.186 2.414 7.307
3137 3089 0.297 5.185 2.415 7.308
0.297 5.185 2.415 7.308
3138 3090 0.297 5.17 2.43 7.308
0.297 5.17 2.43 7.308
3139 3091 0.297 5.169 2.432 7.308
0.297 5.169 2.432 7.308
3140 3092 0.297 5.169 2.432 7.308
0.297 5.169 2.432 7.308
3142 3094 0.298 5.165 2.435 7.308
0.298 5.165 2.435 7.308
3099 3147 0.297 5.165 2.435 7.308
0.297 5.165 2.435 7.308
3106 3154 0.298 5.164 2.435 7.307
0.298 5.164 2.435 7.307
3107 3155 0.298 5.164 2.435 7.307
0.298 5.164 2.435 7.307
3108 3156 0.297 5.165 2.435 7.308
0.297 5.165 2.435 7.308
3109 3157 0.298 5.164 2.435 7.308
0.298 5.164 2.435 7.307
3110 3158 0.297 5.165 2.435 7.308
0.297 5.164 2.435 7.308
3161 3113 0.297 5.165 2.435 7.308
0.297 5.165 2.435 7.308
3162 3114 0.297 5.165 2.435 7.308
0.297 5.165 2.435 7.308
3163 3115 0.298 5.164 2.435 7.308
0.297 5.164 2.435 7.308
3175 3127 0.299 5.163 2.435 7.307
0.299 5.163 2.435 7.306
