1 0.90
2 0.90
3 1.50
4 1.50
5 1.50
6 1.50
7 1.50
8 1.50
9 1.50
10 1.50
11 1.50
12 1.50
13 1.50
14 1.50
15 1.50
16 1.50
17 1.50
18 1.50
20 1.50
21 1.50
22 1.50
23 1.50
24 1.50
25 1.00
26 1.00
27 1.50
28 1.50
29 1.50
30 1.50
31 1.50
32 1.50
33 1.50
34 1.50
35 1.50
36 1.50
37 1.50
38 1.50
39 1.50
40 1.50
41 1.50
42 1.50
43 1.50
44 1.50
45 1.50
46 1.50
47 1.50
49 1.50
50 1.50
51 1.50
52 1.50
53 1.50
54 1.50
55 1.50
56 1.50
57 1.50
58 1.50
59 1.50
60 1.50
61 1.50
62 1.50
63 1.50
64 1.50
65 1.50
66 1.50
67 1.50
68 1.50
69 1.50
70 1.50
71 1.50
72 1.50
73 1.50
74 1.50
75 1.50
76 1.50
77 1.50
78 1.50
80 1.50
81 1.50
82 1.50
83 1.50
84 1.50
85 1.50
86 1.50
87 1.50
88 1.50
89 1.50
90 1.50
91 1.50
92 1.50
93 1.50
94 1.50
95 1.50
96 1.50
97 1.50
98 1.50
99 1.50
100 1.50
101 1.50
102 1.50
103 1.50
104 1.50
105 1.50
106 1.50
107 1.50
108 1.50
110 1.50
111 1.50
112 1.50
113 1.50
114 1.50
115 1.50
116 1.50
117 1.50
118 1.50
119 1.50
120 1.50
121 1.50
122 1.50
123 1.50
124 1.50
125 1.50
126 1.50
127 1.50
128 1.50
129 1.50
130 1.50
131 1.50
132 1.50
133 1.50
134 1.50
135 1.50
136 1.50
137 1.50
138 1.50
140 1.50
141 1.50
142 1.50
143 1.50
144 1.50
145 1.50
146 1.50
147 1.50
148 1.50
149 1.50
150 1.50
151 1.50
152 1.50
153 1.50
154 1.50
155 1.50
156 1.50
157 1.50
158 1.50
159 1.50
160 1.50
161 1.50
162 1.50
163 1.50
164 1.50
165 1.50
166 1.50
167 1.50
168 1.50
169 1.50
171 1.50
172 1.50
173 1.50
174 1.50
175 1.50
176 1.50
177 1.50
178 1.50
179 1.50
180 1.50
181 1.50
182 1.50
183 1.50
184 1.50
185 1.50
186 1.50
187 1.50
188 1.50
189 1.50
190 1.50
191 1.50
192 1.50
193 1.50
194 1.50
195 1.50
196 1.50
197 1.50
198 1.50
199 1.50
201 1.50
202 1.50
203 1.50
204 1.50
205 1.50
206 1.50
207 1.50
208 1.50
209 1.50
210 1.50
211 1.50
212 1.50
213 1.50
214 1.50
215 1.50
216 1.50
217 1.50
218 1.50
219 1.00
220 1.00
221 1.50
222 1.50
223 1.50
224 1.50
225 1.50
226 1.50
227 1.50
229 1.50
230 1.50
231 1.50
232 1.50
233 1.50
234 1.50
235 1.50
236 1.50
237 1.50
238 1.50
239 1.50
240 1.50
241 1.00
242 1.00
243 1.50
244 1.50
245 1.50
246 1.50
247 1.50
248 1.50
249 1.50
250 1.50
251 1.50
252 1.50
253 1.50
254 1.50
255 1.50
257 1.50
258 1.50
259 1.50
260 1.50
261 1.50
262 1.50
263 1.50
264 1.00
265 1.00
266 1.50
267 1.50
268 1.50
269 1.50
270 1.50
271 1.50
272 1.50
273 1.50
274 1.50
275 1.50
276 1.50
277 1.50
278 1.50
279 1.50
280 1.50
281 1.50
282 1.50
283 1.50
285 1.50
286 1.00
287 1.00
288 1.00
289 1.00
290 1.50
291 1.50
292 1.50
293 1.50
294 1.50
295 1.50
296 1.50
297 1.50
298 1.50
299 1.50
300 1.50
301 1.50
302 1.50
303 1.50
304 1.50
305 1.50
306 1.50
307 1.50
308 1.50
309 1.00
311 1.00
312 1.50
313 1.50
314 1.50
315 1.50
316 1.50
317 1.50
318 1.50
319 1.50
320 1.50
321 1.50
322 1.50
323 1.50
324 1.50
325 1.50
326 1.50
327 1.50
328 1.50
329 1.50
330 1.50
331 1.50
332 1.00
333 1.50
334 1.50
335 1.50
336 1.50
337 1.50
339 1.50
340 1.50
341 1.50
342 1.50
343 1.50
344 1.50
345 1.50
346 1.50
347 1.50
348 1.50
349 1.50
350 1.50
351 1.50
352 1.50
353 1.50
354 1.50
355 1.50
356 1.50
357 1.50
358 1.50
359 1.50
360 1.50
361 1.50
362 1.50
363 1.50
364 1.50
365 1.50
366 1.50
367 1.50
369 1.50
370 1.50
371 1.50
372 1.50
373 1.50
374 1.50
375 1.50
376 1.50
377 1.50
378 1.50
379 1.50
380 1.50
381 1.50
382 1.50
383 1.50
384 1.50
385 1.50
386 1.50
387 1.50
388 1.50
389 1.50
390 1.50
391 1.50
392 1.50
393 1.50
394 1.50
395 1.50
396 1.50
397 1.50
399 1.50
400 1.50
401 1.50
402 1.50
403 1.50
404 1.50
405 1.50
406 1.50
407 1.50
408 1.50
409 1.50
410 1.50
411 1.50
412 1.50
413 1.50
414 1.50
415 1.50
416 1.50
417 1.50
418 1.50
419 1.50
420 1.50
421 1.50
422 1.50
423 1.50
424 1.50
425 1.50
426 1.50
427 1.50
428 1.50
430 1.50
431 1.50
432 1.50
433 1.50
434 1.50
435 1.50
436 1.50
437 1.50
438 1.50
439 1.50
440 1.50
441 1.50
442 1.50
443 1.50
444 1.50
445 1.50
446 1.50
447 1.50
448 1.50
449 1.50
450 1.50
451 1.50
452 1.50
453 1.50
454 1.50
455 1.50
456 1.50
457 1.50
458 1.50
460 1.50
461 1.50
462 1.50
463 1.50
464 1.50
465 1.50
466 1.50
467 1.50
468 1.50
469 1.50
470 1.50
471 1.50
472 1.50
473 1.50
474 1.50
475 1.50
476 1.50
477 1.50
478 1.50
479 1.50
480 1.50
481 1.50
482 1.50
483 1.50
484 1.50
485 1.50
486 1.50
487 1.50
488 1.50
490 1.50
491 1.50
492 1.50
493 1.50
494 1.50
495 1.50
496 1.50
497 1.50
498 1.50
499 1.50
500 1.50
501 1.50
502 1.50
503 1.50
504 1.50
505 1.50
506 1.50
507 1.50
508 1.50
509 1.50
510 1.50
511 1.50
512 1.50
513 1.50
514 1.50
515 1.50
516 1.50
517 1.50
518 1.50
519 1.50
521 1.50
522 1.50
523 1.50
524 1.50
525 1.50
526 1.50
527 1.50
528 1.50
529 1.50
530 1.50
531 1.50
532 1.50
533 1.50
534 1.50
535 1.50
536 1.50
537 1.50
538 1.50
539 1.50
540 1.50
541 1.50
542 1.50
543 1.50
544 1.50
545 1.50
546 1.50
547 1.50
548 1.00
550 1.00
551 1.50
552 1.50
553 1.50
554 1.50
555 1.50
556 1.50
557 1.50
558 1.50
559 1.50
560 1.50
561 1.50
562 1.50
563 1.50
564 1.50
565 1.50
566 1.50
567 1.50
568 1.50
569 1.50
570 1.50
571 1.00
572 1.00
573 1.50
574 1.50
575 1.50
576 1.50
577 1.50
579 1.50
580 1.50
581 1.50
582 1.50
583 1.50
584 1.50
585 1.50
586 1.50
587 1.50
588 1.50
589 1.50
590 1.50
591 1.50
592 1.50
593 1.50
594 1.00
595 1.00
596 1.50
597 1.50
598 1.50
599 1.50
600 1.50
601 1.50
602 1.50
603 1.50
604 1.50
605 1.50
607 1.50
608 1.50
609 1.50
610 1.50
611 1.50
612 1.50
613 1.50
614 1.50
615 1.50
616 1.50
617 1.00
618 1.00
619 1.50
620 1.50
621 1.50
622 1.50
623 1.50
624 1.50
625 1.50
626 1.50
627 1.50
628 1.50
629 1.50
630 1.50
631 1.50
632 1.50
633 1.50
634 1.50
635 1.50
637 1.50
638 1.50
639 1.50
640 1.50
641 1.50
642 1.50
643 1.50
644 1.50
645 1.50
646 1.50
647 1.50
648 1.50
649 1.50
650 1.50
651 1.50
652 1.50
653 1.50
654 1.50
655 1.50
656 1.50
657 1.50
658 1.50
659 1.50
660 1.50
661 1.50
662 1.50
663 1.50
664 1.50
665 1.50
667 1.50
668 1.50
669 1.50
670 1.50
671 1.50
672 1.50
673 1.50
674 1.50
675 1.50
676 1.50
677 1.50
678 1.50
679 1.50
680 1.50
681 1.50
682 1.50
683 1.50
684 1.50
685 1.50
686 1.50
687 1.50
688 1.50
689 1.50
690 1.50
691 1.50
692 1.50
693 1.50
694 1.50
695 1.50
696 1.50
698 1.50
699 1.50
700 1.50
701 1.50
702 1.50
703 1.50
704 1.50
705 1.50
706 1.50
707 1.50
708 1.50
709 1.50
710 1.50
711 1.50
712 1.50
713 1.50
714 1.50
715 1.50
716 1.50
717 1.50
718 1.50
719 1.50
720 1.50
721 1.50
722 1.50
723 1.50
724 1.50
725 1.50
726 1.50
728 1.50
729 1.50
730 1.50
731 1.50
732 1.50
733 1.50
734 1.50
735 1.50
736 1.50
737 1.50
738 1.50
739 1.50
740 1.50
741 1.50
742 1.50
743 1.50
744 1.50
745 1.50
746 1.50
747 1.00
748 1.00
749 1.50
750 1.50
751 1.50
752 1.50
753 1.50
754 1.50
756 1.50
757 1.50
758 1.50
759 1.50
760 1.50
761 1.50
762 1.50
763 1.50
764 1.50
765 1.50
766 1.50
767 1.50
768 1.50
769 1.50
770 1.00
771 1.00
772 1.50
773 1.50
774 1.50
775 1.50
776 1.50
777 1.50
778 1.50
779 1.50
780 1.50
781 1.50
782 1.50
784 1.50
785 1.50
786 1.50
787 1.50
788 1.50
789 1.50
790 1.50
791 1.50
792 1.00
793 1.00
794 1.50
795 1.50
796 1.50
797 1.50
798 1.50
799 1.50
800 1.50
801 1.50
802 1.50
803 1.50
804 1.50
805 1.50
806 1.50
807 1.50
808 1.50
809 1.50
810 1.50
812 1.50
813 1.50
814 1.50
815 1.00
816 1.00
817 1.50
818 1.50
819 1.50
820 1.50
821 1.50
822 1.50
823 1.50
824 1.50
825 1.50
826 1.50
827 1.50
828 1.50
829 1.50
830 1.50
831 1.50
832 1.50
833 1.50
834 1.50
835 1.50
836 1.50
837 1.00
838 1.00
840 1.50
841 1.50
842 1.50
843 1.50
844 1.50
845 1.50
846 1.50
847 1.50
848 1.50
849 1.50
850 1.50
851 1.50
852 1.50
853 1.50
854 1.50
855 1.50
856 1.50
857 1.50
858 1.50
859 1.50
860 1.50
861 1.50
862 1.50
863 1.50
864 1.50
865 1.50
866 1.50
867 1.50
868 1.50
870 1.50
871 1.50
872 1.50
873 1.50
874 1.50
875 1.50
876 1.50
877 1.50
878 1.50
879 1.50
880 1.50
881 1.50
882 1.50
883 1.50
884 1.50
885 1.50
886 1.50
887 1.50
888 1.50
889 1.50
890 1.50
891 1.50
892 1.50
893 1.50
894 1.50
895 1.50
896 1.50
897 1.50
898 1.50
900 1.50
901 1.50
902 1.50
903 1.50
904 1.00
905 1.00
906 1.50
907 1.50
908 1.50
909 1.50
910 1.50
911 1.50
912 1.50
913 1.50
914 1.50
915 1.50
916 1.50
917 1.50
918 1.50
919 1.50
920 1.50
921 1.50
922 1.50
923 1.50
924 1.50
925 1.50
926 1.50
927 1.50
928 1.50
930 1.50
931 1.50
932 1.50
933 1.50
934 1.50
935 1.50
936 1.50
937 1.50
938 1.50
939 1.50
940 1.50
941 1.50
942 1.50
943 1.50
944 1.50
945 1.50
946 1.50
947 1.50
948 1.50
949 1.50
950 1.50
951 1.50
952 1.50
953 1.50
954 1.50
955 1.50
956 1.50
957 1.50
958 1.50
960 1.50
961 1.50
962 1.50
963 1.50
964 1.50
965 1.50
966 1.50
967 1.50
968 1.50
969 1.50
970 1.50
971 1.50
972 1.50
973 1.50
974 1.50
975 1.50
976 1.50
977 1.50
978 1.50
979 1.50
980 1.50
981 1.50
982 1.50
983 1.50
984 1.50
985 1.50
986 1.50
987 1.50
988 1.50
990 1.50
991 1.50
992 1.50
993 1.50
994 1.50
995 1.50
996 1.50
997 1.50
998 1.50
999 1.50
1000 1.50
1001 1.50
1002 1.50
1003 1.50
1004 1.50
1005 1.50
1006 1.50
1007 1.50
1008 1.50
1009 1.50
1010 1.50
1011 1.50
1012 1.50
1013 1.50
1014 1.50
1015 1.50
1016 1.50
1017 1.50
1018 1.50
1019 1.50
1021 1.50
1022 1.50
1023 1.50
1024 1.50
1025 1.50
1026 1.50
1027 1.50
1028 1.50
1029 1.50
1030 1.50
1031 1.50
1032 1.50
1033 1.50
1034 1.50
1035 1.50
1036 1.50
1037 1.50
1038 1.50
1039 1.50
1040 1.50
1041 1.50
1042 1.50
1043 1.50
1044 1.50
1045 1.50
1046 1.50
1047 1.50
1048 1.50
1049 1.50
1051 1.50
1052 1.50
1053 1.50
1054 1.50
1055 1.00
1056 1.00
1057 1.50
1058 1.50
1059 1.50
1060 1.50
1061 1.50
1062 1.50
1063 1.50
1064 1.50
1065 1.50
1066 1.50
1067 1.50
1068 1.50
1069 1.50
1070 1.50
1071 1.50
1072 1.50
1073 1.50
1074 1.50
1075 1.50
1076 1.50
1077 1.00
1079 1.00
1080 1.00
1081 1.50
1082 1.50
1083 1.50
1084 1.50
1085 1.50
1086 1.50
1087 1.50
1088 1.50
1089 1.50
1090 1.50
1091 1.50
1092 1.50
1093 1.50
1094 1.50
1095 1.50
1096 1.50
1097 1.50
1098 1.50
1099 1.50
1100 1.50
1101 1.50
1102 1.50
1103 1.50
1104 1.50
1105 1.50
1106 1.50
1107 1.50
1109 1.50
1110 1.50
1111 1.50
1112 1.50
1113 1.50
1114 1.50
1115 1.50
1116 1.50
1117 1.50
1118 1.50
1119 1.50
1120 1.50
1121 1.50
1122 1.50
1123 1.50
1124 1.50
1125 1.50
1126 1.50
1127 1.50
1128 1.50
1129 1.50
1130 1.50
1131 1.50
1132 1.50
1133 1.50
1134 1.50
1135 1.50
1136 1.50
1137 1.50
1139 1.50
1140 1.50
1141 1.50
1142 1.50
1143 1.50
1144 1.00
1145 1.00
1146 1.50
1147 1.50
1148 1.50
1149 1.50
1150 1.50
1151 1.50
1152 1.50
1153 1.50
1154 1.50
1155 1.50
1156 1.50
1157 1.50
1158 1.50
1159 1.50
1160 1.50
1161 1.50
1162 1.50
1163 1.50
1164 1.50
1165 1.00
1167 1.00
1168 1.50
1169 1.50
1170 1.50
1171 1.50
1172 1.50
1173 1.50
1174 1.50
1175 1.50
1176 1.50
1177 1.50
1178 1.50
1179 1.50
1180 1.50
1181 1.50
1182 1.50
1183 1.50
1184 1.50
1185 1.50
1186 1.50
1187 1.50
1188 1.00
1189 1.00
1190 1.50
1191 1.50
1192 1.50
1194 1.50
1195 1.50
1196 1.50
1197 1.50
1198 1.50
1199 1.50
1200 1.50
1201 1.50
1202 1.50
1203 1.50
1204 1.50
1205 1.50
1206 1.50
1207 1.50
1208 1.50
1209 1.50
1210 1.50
1211 1.50
1212 1.50
1213 1.50
1214 1.50
1215 1.50
1216 1.50
1217 1.50
1218 1.50
1219 1.50
1220 1.50
1221 1.50
1222 1.50
1223 1.50
1225 1.50
1226 1.50
1227 1.50
1228 1.50
1229 1.50
1230 1.50
1231 1.50
1232 1.50
1233 1.50
1234 1.50
1235 1.50
1236 1.50
1237 1.50
1238 1.50
1239 1.50
1240 1.50
1241 1.50
1242 1.50
1243 1.50
1244 1.50
1245 1.50
1246 1.50
1247 1.50
1248 1.50
1249 1.50
1250 1.50
1251 1.50
1252 1.50
1253 1.50
1255 1.50
1256 1.50
1257 1.50
1258 1.50
1259 1.50
1260 1.50
1261 1.50
1262 1.50
1263 1.50
1264 1.50
1265 1.50
1266 1.50
1267 1.50
1268 1.50
1269 1.50
1270 1.50
1271 1.50
1272 1.50
1273 1.50
1274 1.50
1275 1.50
1276 1.50
1277 1.50
1278 1.50
1279 1.50
1280 1.50
1281 1.50
1282 1.50
1283 1.50
1284 1.50
1286 1.50
1287 1.50
1288 1.50
1289 1.50
1290 1.50
1291 1.50
1292 1.50
1293 1.50
1294 1.50
1295 1.50
1296 1.50
1297 1.50
1298 1.50
1299 1.50
1300 1.50
1301 1.50
1302 1.50
1303 1.50
1304 1.50
1305 1.50
1306 1.50
1307 1.50
1308 1.50
1309 1.50
1310 1.50
1311 1.50
1312 1.50
1313 1.50
1314 1.50
1316 1.50
1317 1.50
1318 1.50
1319 1.50
1320 1.50
1321 1.50
1322 1.50
1323 1.50
1324 1.50
1325 1.50
1326 1.50
1327 1.50
1328 1.50
1329 1.50
1330 1.50
1331 1.50
1332 1.50
1333 1.50
1334 1.50
1335 1.50
1336 1.50
1337 1.50
1338 1.50
1339 1.50
1340 1.50
1341 1.50
1342 1.50
1343 1.50
1344 1.50
1346 1.50
1347 1.50
1348 1.50
1349 1.50
1350 1.50
1351 1.50
1352 1.50
1353 1.50
1354 1.50
1355 1.50
1356 1.50
1357 1.50
1358 1.50
1359 1.50
1360 1.50
1361 1.50
1362 1.50
1363 1.50
1364 1.50
1365 1.50
1366 1.50
1367 1.50
1368 1.50
1369 1.50
1370 1.50
1371 1.50
1372 1.50
1373 1.50
1374 1.50
1376 1.50
1377 1.50
1378 1.50
1379 1.50
1380 1.50
1381 1.50
1382 1.50
1383 1.50
1384 1.50
1385 1.50
1386 1.50
1387 1.50
1388 1.50
1389 1.50
1390 1.50
1391 1.50
1392 1.50
1393 1.50
1394 1.50
1395 1.50
1396 1.50
1397 1.50
1398 1.50
1399 1.50
1400 1.50
1401 1.50
1402 1.50
1403 1.50
1404 1.50
1405 1.50
1407 1.50
1408 1.50
1409 1.50
1410 1.50
1411 1.50
1412 1.50
1413 1.50
1414 1.50
1415 1.50
1416 1.50
1417 1.50
1418 1.50
1419 1.50
1420 1.50
1421 1.50
1422 1.50
1423 1.50
1424 1.50
1425 1.50
1426 1.50
1427 1.50
1428 1.50
1429 1.50
1430 1.50
1431 1.50
1432 1.50
1433 1.50
1434 1.50
1435 1.50
1437 1.50
1438 1.50
1439 1.50
1440 1.50
1441 1.50
1442 1.50
1443 1.50
1444 1.50
1445 1.50
1446 1.50
1447 1.50
1448 1.50
1449 1.50
1450 1.50
1451 1.50
1452 1.50
1453 1.50
1454 1.50
1455 1.50
1456 1.50
1457 1.50
1458 1.50
1459 1.50
1460 1.50
1461 1.50
1462 1.50
1463 1.50
1464 1.50
1465 1.50
1467 1.50
1468 1.50
1469 1.50
1470 1.00
1471 1.00
1472 1.50
1473 1.50
1474 1.50
1475 1.50
1476 1.50
1477 1.50
1478 1.50
1479 1.50
1480 1.50
1481 1.50
1482 1.50
1483 1.50
1484 1.50
1485 1.50
1486 1.50
1487 1.50
1488 1.50
1489 1.50
1490 1.50
1491 1.50
1492 1.50
1493 1.50
1494 1.50
1495 1.50
1497 1.50
1498 1.50
1499 1.50
1500 1.50
1501 1.50
1502 1.50
1503 1.50
1504 1.50
1505 1.50
1506 1.50
1507 1.50
1508 1.50
1509 1.50
1510 1.50
1511 1.50
1512 1.50
1513 1.50
1514 1.50
1515 1.50
1516 1.50
1517 1.50
1518 1.50
1519 1.50
1520 1.50
1521 1.50
1522 1.50
1523 1.50
1524 1.50
1526 1.50
1527 1.50
1528 1.50
1529 1.50
1530 1.50
1531 1.50
1532 1.50
1533 1.50
1534 1.50
1535 1.00
1536 1.00
1537 1.50
1538 1.50
1539 1.50
1540 1.50
1541 1.50
1542 1.50
1543 1.50
1544 1.50
1545 1.50
1546 1.50
1547 1.50
1548 1.50
1549 1.50
1550 1.50
1551 1.50
1552 1.50
1553 1.50
1555 1.50
1556 1.50
1557 1.00
1558 1.00
1559 1.50
1560 1.50
1561 1.50
1562 1.50
1563 1.50
1564 1.50
1565 1.50
1566 1.50
1567 1.50
1568 1.50
1569 1.50
1570 1.50
1571 1.50
1572 1.50
1573 1.50
1574 1.50
1575 1.50
1576 1.50
1577 1.50
1578 1.50
1579 1.00
1580 1.00
1582 1.50
1583 1.50
1584 1.50
1585 1.50
1586 1.50
1587 1.50
1588 1.50
1589 1.50
1590 1.50
1591 1.50
1592 1.50
1593 1.50
1594 1.50
1595 1.50
1596 1.50
1597 1.50
1598 1.50
1599 1.50
1600 1.50
1601 1.50
1602 1.50
1603 1.50
1604 1.50
1605 1.50
1606 1.50
1607 1.50
1608 1.50
1609 1.50
1610 1.50
1612 1.50
1613 1.50
1614 1.50
1615 1.50
1616 1.50
1617 1.50
1618 1.50
1619 1.50
1620 1.50
1621 1.50
1622 1.50
1623 1.50
1624 1.50
1625 1.50
1626 1.50
1627 1.50
1628 1.50
1629 1.50
1630 1.50
1631 1.50
1632 1.50
1633 1.50
1634 1.50
1635 1.50
1636 1.50
1637 1.50
1638 1.50
1639 1.50
1640 1.50
1641 1.50
1643 1.50
1644 1.50
1645 1.50
1646 1.00
1647 1.00
1648 1.00
1649 1.50
1650 1.50
1651 1.50
1652 1.50
1653 1.50
1654 1.50
1655 1.50
1656 1.50
1657 1.50
1658 1.50
1659 1.50
1660 1.50
1661 1.50
1662 1.50
1663 1.50
1664 1.50
