1 55.50
2 55.99
3 55.99
4 55.99
5 56.47
6 56.96
7 55.99
8 57.45
9 57.45
10 56.96
11 56.96
12 56.47
13 56.47
14 56.96
15 56.96
16 57.45
17 56.47
18 56.96
20 57.45
21 57.45
22 56.96
23 57.93
24 56.96
25 57.45
26 56.47
27 56.96
28 56.96
29 57.45
30 56.96
31 56.96
32 57.45
33 56.96
34 58.42
35 56.96
36 57.93
37 56.47
38 57.93
39 56.96
40 57.45
41 57.93
42 57.93
43 57.45
44 57.45
45 58.42
46 58.42
47 56.96
48 57.45
50 58.91
51 58.42
52 58.42
53 57.45
54 57.93
55 58.42
56 57.45
57 57.45
58 58.42
59 57.93
60 57.45
61 58.42
62 57.93
63 57.45
64 58.91
65 58.91
66 58.42
67 57.93
68 58.42
69 58.91
70 57.93
71 58.91
72 57.93
73 58.42
74 58.42
75 57.93
76 58.42
77 58.42
78 57.93
80 57.93
81 58.42
82 58.91
83 58.42
84 57.45
85 59.40
86 58.42
87 58.42
88 57.45
89 57.93
90 58.42
91 58.91
92 58.91
93 59.40
94 59.88
95 59.40
96 58.91
97 58.91
98 58.42
99 59.40
100 59.40
101 58.42
102 58.42
103 59.40
104 58.42
105 58.91
106 57.93
107 58.42
108 58.42
110 59.40
111 59.40
112 59.88
113 59.40
114 58.91
115 58.91
116 58.91
117 58.91
118 58.91
119 59.40
120 59.40
121 58.42
122 58.42
123 58.91
124 58.91
125 58.42
126 58.91
127 59.88
128 59.40
129 57.93
130 59.88
131 59.40
132 58.91
133 58.42
134 59.88
135 59.40
136 58.91
137 59.40
138 59.40
139 58.91
141 58.91
142 57.93
143 59.40
144 58.91
145 58.91
146 58.91
147 59.40
148 57.93
149 59.88
150 58.91
151 59.40
152 59.40
153 58.91
154 58.91
155 58.42
156 59.40
157 59.88
158 59.40
159 59.88
160 59.88
161 59.88
162 60.37
163 60.86
164 58.42
165 59.88
166 59.40
167 60.37
168 58.91
169 58.91
171 59.40
172 59.40
173 59.40
174 59.40
175 60.37
176 60.86
177 59.88
178 60.37
179 59.88
180 59.88
181 60.37
182 59.40
183 58.91
184 59.40
185 60.37
186 59.40
187 58.91
188 59.88
189 59.88
190 58.91
191 60.86
192 60.37
193 59.88
194 59.40
195 59.40
196 60.37
197 59.88
198 58.91
199 59.88
201 59.40
202 59.88
203 60.86
204 59.88
205 59.40
206 60.86
207 59.88
208 60.37
209 60.37
210 60.37
211 59.88
212 59.88
213 59.88
214 60.37
215 59.88
216 59.40
217 59.88
218 59.88
219 60.37
220 59.88
221 60.37
222 60.37
223 59.88
224 59.40
225 59.40
226 60.37
227 59.88
228 60.37
230 59.40
231 60.86
232 60.37
233 59.88
234 60.86
235 60.37
236 60.37
237 60.37
238 59.40
239 60.37
240 60.37
241 59.40
242 60.37
243 59.88
244 58.91
245 60.86
246 59.88
247 59.40
248 59.88
249 59.88
250 59.40
251 59.88
252 59.40
253 59.88
254 60.86
255 60.37
256 60.37
258 59.40
259 60.37
260 60.86
261 60.37
262 60.37
263 59.88
264 60.86
265 59.40
266 59.40
267 60.37
268 60.37
269 59.88
270 60.37
271 59.88
272 59.40
273 60.37
274 60.37
275 59.88
276 60.37
277 60.37
278 60.37
279 60.86
280 60.37
281 60.37
282 60.86
283 60.86
284 60.86
286 59.88
287 59.88
288 60.86
289 60.37
290 61.83
291 59.40
292 60.37
293 60.37
294 60.37
295 60.86
296 59.88
297 60.37
298 60.37
299 61.83
300 60.86
301 60.86
302 60.86
303 60.37
304 60.86
305 60.86
306 60.37
307 59.88
308 60.86
309 59.40
311 60.37
312 61.34
313 60.37
314 60.86
315 60.86
316 61.34
317 60.86
318 60.37
319 60.37
320 60.86
321 60.86
322 61.83
323 60.37
324 60.86
325 60.86
326 60.86
327 60.37
328 59.88
329 61.34
330 59.88
331 60.86
332 60.86
333 60.86
334 60.37
335 59.40
336 59.88
337 60.37
339 60.86
340 60.86
341 61.34
342 59.88
343 60.37
344 60.86
345 60.86
346 61.34
347 61.83
348 60.37
349 60.86
350 60.86
351 60.86
352 60.37
353 60.86
354 60.86
355 60.37
356 60.37
357 61.34
358 60.37
359 61.34
360 60.37
361 60.86
362 60.86
363 61.34
364 60.37
365 61.83
366 61.34
367 61.83
368 60.86
370 61.83
371 60.86
372 60.86
373 60.86
374 60.37
375 61.83
376 60.86
377 60.86
378 61.34
379 60.37
380 61.34
381 60.86
382 60.86
383 61.83
384 60.86
385 60.86
386 60.86
387 61.83
388 60.37
389 60.37
390 61.34
391 60.37
392 61.83
393 60.86
394 61.34
395 60.86
396 61.83
397 60.86
398 61.83
400 61.34
401 60.86
402 60.37
403 61.34
404 61.83
405 61.34
406 60.86
407 60.86
408 60.86
409 60.86
410 60.86
411 60.86
412 60.37
413 61.34
414 60.86
415 60.86
416 60.37
417 61.34
418 61.34
419 60.86
420 61.83
421 61.34
422 61.34
423 60.37
424 60.37
425 61.83
426 60.86
427 61.83
428 60.86
430 60.37
431 60.86
432 61.34
433 61.83
434 60.86
435 60.86
436 61.34
437 61.83
438 61.34
439 60.86
440 61.34
441 61.34
442 60.86
443 60.86
444 60.86
445 61.34
446 61.34
447 61.83
448 60.86
449 60.86
450 61.83
451 61.83
452 61.34
453 61.83
454 61.34
455 61.34
456 60.86
457 61.83
458 60.86
460 61.34
461 61.34
462 60.86
463 60.37
464 61.34
465 61.34
466 61.83
467 60.37
468 61.83
469 61.34
470 60.37
471 61.34
472 61.34
473 61.34
474 60.86
475 60.86
476 62.32
477 61.83
478 61.83
479 61.83
480 60.86
481 60.86
482 61.34
483 60.86
484 61.34
485 61.34
486 61.34
487 61.34
488 60.86
489 60.86
491 61.34
492 61.34
493 62.32
494 60.86
495 60.86
496 61.34
497 61.83
498 61.83
499 60.86
500 60.37
501 60.86
502 61.34
503 61.83
504 61.83
505 61.34
506 61.34
507 62.32
508 60.86
509 60.86
510 61.83
511 61.83
512 62.32
513 60.86
514 61.34
515 60.86
516 61.83
517 62.32
518 61.83
519 61.83
521 60.86
522 61.83
523 61.34
524 61.34
525 60.86
526 61.83
527 61.83
528 61.83
529 61.83
530 61.34
531 61.83
532 61.83
533 61.83
534 62.32
535 61.34
536 60.86
537 61.34
538 61.34
539 62.32
540 60.86
541 62.32
542 61.34
543 61.34
544 60.86
545 61.83
546 61.83
547 62.32
548 60.86
549 61.34
551 61.34
552 61.83
553 62.32
554 60.37
555 61.83
556 60.86
557 61.83
558 61.34
559 61.34
560 61.34
561 60.86
562 60.86
563 61.83
564 61.34
565 60.86
566 62.32
567 61.34
568 61.83
569 61.34
570 62.32
571 61.83
572 61.83
573 60.86
574 60.86
575 62.32
576 61.34
577 61.34
578 61.34
580 60.86
581 61.83
582 61.83
583 61.83
584 61.83
585 62.32
586 60.86
587 61.83
588 61.83
589 61.83
590 61.34
591 62.32
592 61.83
593 61.34
594 62.32
595 61.34
596 60.86
597 60.86
598 61.34
599 61.34
600 61.83
601 61.34
602 61.83
603 60.86
604 60.37
605 60.86
606 61.83
608 61.83
609 61.34
610 61.34
611 61.83
612 61.83
613 62.32
614 61.34
615 61.83
616 60.37
617 60.86
618 61.34
619 60.86
620 61.34
621 62.32
622 61.34
623 62.32
624 61.34
625 60.86
626 62.32
627 61.83
628 61.83
629 60.86
630 62.32
631 60.86
632 62.32
633 61.83
634 61.83
635 61.34
637 61.34
638 61.83
639 61.83
640 61.34
641 60.86
642 61.34
643 61.83
644 61.34
645 62.32
646 60.86
647 60.86
648 61.83
649 60.86
650 62.32
651 61.34
652 62.80
653 61.83
654 62.32
655 61.83
656 61.83
657 61.34
658 61.34
659 61.34
660 61.83
661 61.34
662 60.86
663 62.32
664 61.34
665 62.32
666 62.32
668 61.83
669 62.80
670 61.83
671 61.34
672 62.32
673 61.34
674 61.83
675 62.32
676 61.83
677 62.80
678 61.83
679 61.83
680 61.34
681 61.83
682 61.34
683 62.32
684 62.32
685 61.34
686 61.34
687 61.83
688 62.32
689 62.80
690 61.83
691 62.80
692 61.83
693 61.83
694 62.32
695 61.34
696 61.34
698 61.83
699 61.34
700 61.83
701 61.83
702 61.34
703 61.83
704 62.32
705 62.80
706 61.83
707 62.32
708 61.83
709 62.80
710 61.83
711 61.83
712 60.86
713 61.34
714 61.83
715 61.83
716 61.83
717 62.80
718 61.34
719 60.86
720 62.80
721 61.34
722 62.80
723 61.83
724 61.83
725 63.29
726 61.83
727 62.32
729 62.32
730 62.80
731 62.32
732 62.32
733 62.32
734 61.83
735 61.34
736 61.34
737 62.32
738 61.83
739 61.83
740 62.32
741 62.32
742 62.80
743 62.32
744 61.83
745 61.83
746 61.34
747 62.32
748 61.34
749 61.83
750 61.83
751 62.80
752 62.32
753 62.32
754 62.32
755 61.83
757 62.32
758 60.86
759 62.80
760 61.83
761 61.83
762 61.83
763 61.83
764 61.83
765 62.32
766 61.34
767 61.83
768 61.83
769 61.83
770 61.34
771 61.34
772 61.83
773 61.83
774 61.34
775 61.83
776 61.34
777 61.83
778 61.34
779 61.34
780 61.83
781 60.37
782 61.83
783 60.86
785 61.34
786 61.83
787 60.86
788 61.34
789 62.32
790 61.34
791 61.34
792 61.83
793 61.83
794 61.83
795 61.34
796 62.32
797 61.83
798 60.86
799 61.83
800 61.34
801 61.83
802 61.83
803 62.32
804 61.34
805 61.34
806 61.83
807 61.83
808 62.32
809 62.80
810 61.34
811 62.80
813 60.86
814 60.86
815 61.34
816 61.83
817 62.32
818 62.32
819 62.80
820 61.34
821 62.80
822 61.83
823 61.83
824 62.32
825 61.83
826 62.80
827 61.83
828 62.32
829 61.83
830 61.34
831 61.34
832 61.34
833 61.83
834 61.83
835 61.83
836 61.34
837 62.32
838 62.32
840 61.83
841 61.83
842 60.86
843 62.32
844 62.32
845 61.34
846 61.83
847 61.83
848 61.34
849 61.34
850 62.80
851 61.83
852 61.83
853 61.83
854 62.80
855 62.80
856 61.83
857 61.83
858 63.29
859 61.34
860 61.83
861 62.32
862 62.80
863 61.34
864 61.83
865 62.32
866 62.32
867 61.34
868 61.83
870 62.32
871 61.83
872 63.29
873 61.83
874 61.34
875 62.80
876 62.32
877 61.83
878 61.83
879 61.83
880 62.32
881 61.83
882 61.83
883 62.80
884 60.37
885 62.80
886 61.83
887 61.83
888 62.32
889 62.32
890 61.83
891 61.34
892 61.34
893 61.83
894 61.83
895 62.32
896 62.32
897 61.83
898 62.32
899 61.83
901 62.80
902 61.83
903 62.32
904 62.32
905 61.34
906 61.34
907 61.83
908 61.34
909 62.80
910 61.83
911 62.32
912 62.80
913 62.32
914 61.83
915 62.32
916 62.80
917 63.78
918 61.83
919 61.83
920 62.32
921 62.32
922 61.83
923 62.32
924 62.32
925 62.80
926 61.34
927 61.83
928 62.32
930 61.83
931 61.83
932 62.32
933 61.83
934 61.83
935 61.83
936 61.83
937 62.32
938 62.32
939 61.83
940 61.34
941 61.83
942 62.32
943 62.32
944 63.29
945 62.32
946 61.83
947 62.32
948 61.83
949 62.32
950 61.34
951 62.32
952 62.32
953 61.34
954 61.83
955 62.80
956 62.32
957 61.83
958 61.34
959 61.83
961 62.80
962 61.34
963 61.83
964 62.80
965 61.83
966 62.32
967 62.80
968 61.83
969 62.32
970 62.32
971 61.83
972 62.32
973 62.32
974 61.83
975 62.32
976 61.83
977 62.80
978 62.80
979 62.32
980 62.80
981 62.80
982 62.32
983 62.32
984 61.83
985 61.34
986 62.80
987 62.32
988 62.32
989 62.32
991 61.83
992 61.83
993 62.32
994 62.32
995 61.83
996 61.83
997 62.32
998 62.80
999 61.83
1000 61.34
1001 62.80
1002 62.32
1003 62.32
1004 61.83
1005 61.83
1006 62.80
1007 61.83
1008 62.32
1009 63.29
1010 63.29
1011 61.83
1012 61.83
1013 63.29
1014 61.83
1015 61.83
1016 62.80
1017 61.83
1018 62.32
1019 61.34
1021 62.32
1022 62.32
1023 61.83
1024 61.34
1025 62.32
1026 62.32
1027 61.83
1028 61.83
1029 62.32
1030 62.32
1031 63.29
1032 61.83
1033 62.80
1034 62.32
1035 61.83
1036 61.83
1037 61.83
1038 62.32
1039 62.32
1040 62.32
1041 61.83
1042 62.32
1043 61.83
1044 62.80
1045 62.32
1046 63.29
1047 62.32
1048 62.32
1049 62.32
1051 61.34
1052 63.29
1053 62.80
1054 61.83
1055 62.80
1056 61.34
1057 62.32
1058 62.32
1059 62.32
1060 62.32
1061 62.80
1062 62.80
1063 62.32
1064 62.32
1065 61.34
1066 62.32
1067 61.83
1068 62.32
1069 62.32
1070 61.83
1071 62.80
1072 62.80
1073 61.34
1074 61.34
1075 63.29
1076 63.29
1077 62.32
1078 62.32
1080 62.32
1081 62.32
1082 62.32
1083 62.80
1084 62.80
1085 62.32
1086 62.32
1087 62.80
1088 62.80
1089 62.80
1090 61.83
1091 62.32
1092 63.29
1093 61.83
1094 61.83
1095 62.32
1096 63.29
1097 61.83
1098 61.83
1099 63.29
1100 62.80
1101 61.34
1102 61.34
1103 62.80
1104 62.80
1105 61.83
1106 61.83
1107 62.32
1109 62.32
1110 62.32
1111 62.80
1112 61.83
1113 63.29
1114 62.80
1115 63.29
1116 62.32
1117 62.80
1118 62.32
1119 62.32
1120 63.78
1121 62.32
1122 62.32
1123 61.83
1124 62.32
1125 61.83
1126 61.83
1127 62.80
1128 62.32
1129 62.32
1130 63.29
1131 62.32
1132 62.80
1133 62.32
1134 62.80
1135 61.83
1136 62.80
1137 61.83
1139 62.32
1140 62.32
1141 62.80
1142 61.83
1143 62.80
1144 63.29
1145 62.80
1146 61.83
1147 61.83
1148 62.32
1149 62.80
1150 63.29
1151 62.32
1152 61.83
1153 62.32
1154 62.32
1155 62.32
1156 62.32
1157 63.29
1158 62.32
1159 62.80
1160 62.32
1161 62.32
1162 62.32
1163 62.32
1164 62.32
1165 62.32
1167 62.32
1168 62.32
1169 62.32
1170 62.32
1171 61.83
1172 61.83
1173 61.83
1174 62.32
1175 62.32
1176 61.83
1177 62.80
1178 62.32
1179 63.29
1180 62.32
1181 62.32
1182 62.80
1183 62.80
1184 62.80
1185 61.83
1186 63.29
1187 61.83
1188 62.80
1189 62.80
1190 61.83
1191 62.32
1192 62.80
1193 62.32
1195 61.83
1196 62.80
1197 62.80
1198 62.80
1199 62.32
1200 62.32
1201 62.80
1202 62.32
1203 61.83
1204 63.29
1205 62.32
1206 62.80
1207 61.83
1208 61.83
1209 62.32
1210 62.32
1211 62.80
1212 62.80
1213 63.29
1214 62.32
1215 62.32
1216 61.34
1217 61.83
1218 61.83
1219 62.32
1220 62.80
1221 63.29
1222 62.32
1223 62.32
1225 61.83
1226 62.32
1227 63.29
1228 62.80
1229 61.34
1230 61.83
1231 62.32
1232 62.32
1233 62.80
1234 60.86
1235 62.80
1236 62.32
1237 61.83
1238 62.80
1239 62.32
1240 63.29
1241 63.78
1242 62.32
1243 62.80
1244 62.32
1245 61.83
1246 63.29
1247 62.32
1248 62.80
1249 62.32
1250 61.83
1251 62.80
1252 62.80
1253 62.80
1254 63.78
1256 62.80
1257 63.29
1258 62.32
1259 61.83
1260 62.32
1261 61.34
1262 62.80
1263 63.29
1264 62.80
1265 62.80
1266 62.80
1267 62.80
1268 61.83
1269 62.32
1270 61.83
1271 62.80
1272 63.29
1273 62.80
1274 62.80
1275 62.80
1276 61.83
1277 62.32
1278 63.29
1279 61.34
1280 62.80
1281 62.32
1282 62.32
1283 61.34
1284 62.32
1286 63.29
1287 63.29
1288 64.27
1289 62.80
1290 63.29
1291 62.80
1292 62.32
1293 62.80
1294 62.80
1295 63.29
1296 62.32
1297 62.80
1298 62.80
1299 62.32
1300 61.34
1301 62.80
1302 63.29
1303 62.80
1304 62.32
1305 62.32
1306 61.83
1307 62.32
1308 62.80
1309 63.29
1310 62.80
1311 62.80
1312 62.80
1313 61.83
1314 62.32
1316 62.80
1317 62.80
1318 62.32
1319 63.29
1320 62.80
1321 62.32
1322 62.80
1323 62.80
1324 62.32
1325 62.32
1326 63.29
1327 62.32
1328 63.29
1329 62.80
1330 62.80
1331 63.29
1332 62.32
1333 62.32
1334 63.29
1335 62.32
1336 63.29
1337 62.32
1338 62.32
1339 62.32
1340 62.32
1341 62.32
1342 63.29
1343 62.32
1344 63.29
1345 61.83
1347 62.32
1348 63.78
1349 62.80
1350 62.80
1351 62.32
1352 62.32
1353 63.29
1354 63.29
1355 62.32
1356 62.32
1357 62.80
1358 62.80
1359 62.80
1360 63.78
1361 62.32
1362 61.34
1363 62.80
1364 64.27
1365 63.29
1366 62.80
1367 63.29
1368 62.32
1369 62.32
1370 62.32
1371 62.80
1372 62.80
1373 62.80
1374 63.29
1375 61.34
1377 62.80
1378 62.32
1379 63.29
1380 62.32
1381 63.29
1382 62.80
1383 63.29
1384 63.29
1385 62.80
1386 63.29
1387 62.32
1388 63.29
1389 63.29
1390 62.80
1391 63.29
1392 62.32
1393 62.32
1394 62.80
1395 61.83
1396 62.32
1397 63.78
1398 62.32
1399 62.80
1400 62.80
1401 62.32
1402 63.29
1403 62.80
1404 62.80
1405 61.83
1407 62.32
1408 62.80
1409 62.32
1410 62.80
1411 62.32
1412 62.32
1413 64.27
1414 62.80
1415 62.80
1416 62.32
1417 63.29
1418 62.80
1419 62.80
1420 62.32
1421 62.32
1422 62.80
1423 63.29
1424 62.32
1425 63.78
1426 63.29
1427 62.80
1428 62.32
1429 62.80
1430 63.29
1431 62.32
1432 63.29
1433 63.29
1434 63.78
1435 62.80
1436 63.78
1438 63.29
1439 63.29
1440 62.80
1441 63.29
1442 62.32
1443 62.32
1444 62.32
1445 62.80
1446 61.83
1447 63.29
1448 63.78
1449 62.80
1450 62.80
1451 62.80
1452 63.78
1453 63.29
1454 62.80
1455 63.29
1456 63.78
1457 62.32
1458 62.80
1459 62.80
1460 62.80
1461 61.83
1462 63.29
1463 62.80
1464 63.29
1465 62.32
1466 62.32
1468 62.32
1469 62.80
1470 62.80
1471 62.80
1472 62.80
1473 62.32
1474 62.32
1475 62.32
1476 62.80
1477 62.80
1478 62.32
1479 63.29
1480 62.32
1481 61.83
1482 63.29
1483 62.80
1484 62.80
1485 63.29
1486 61.83
1487 62.32
1488 62.32
1489 62.80
1490 62.80
1491 62.32
1492 62.32
1493 64.27
1494 62.80
1495 62.80
1497 63.29
1498 62.80
1499 63.29
1500 62.80
1501 63.78
1502 62.80
1503 61.83
1504 63.29
1505 63.29
1506 62.80
1507 61.83
1508 63.29
1509 62.80
1510 63.78
1511 63.78
1512 62.32
1513 62.80
1514 62.80
1515 63.29
1516 63.29
1517 62.32
1518 62.80
1519 62.80
1520 63.29
1521 62.32
1522 62.32
1523 62.80
1524 62.80
1525 62.80
1527 63.29
1528 62.80
1529 63.78
1530 63.29
1531 62.80
1532 63.78
1533 62.80
1534 63.29
1535 63.29
1536 62.32
1537 63.29
1538 63.29
1539 62.80
1540 63.29
1541 63.29
1542 61.83
1543 62.32
1544 62.80
1545 61.83
1546 62.80
1547 62.32
1548 63.29
1549 61.83
1550 62.80
1551 63.29
1552 62.32
1553 62.32
1555 62.32
1556 61.83
1557 62.80
1558 61.83
1559 62.80
1560 61.34
1561 63.29
1562 62.80
1563 62.80
1564 62.32
1565 63.29
1566 63.29
1567 62.80
1568 63.29
1569 62.80
1570 62.80
1571 62.80
1572 62.80
1573 62.80
1574 62.32
1575 62.80
1576 62.80
1577 62.80
1578 62.80
1579 63.78
1580 62.32
1581 62.80
1583 61.83
1584 62.80
1585 63.29
1586 62.32
1587 63.29
1588 62.32
1589 63.29
1590 61.83
1591 62.32
1592 61.83
1593 62.80
1594 63.29
1595 62.32
1596 63.29
1597 63.78
1598 63.29
1599 62.80
1600 62.80
1601 63.29
1602 62.80
1603 62.32
1604 62.32
1605 62.32
1606 63.29
1607 62.32
1608 62.32
1609 62.32
1610 63.29
1611 63.29
1613 63.29
1614 62.32
1615 63.29
1616 62.80
1617 62.80
1618 62.32
1619 62.80
1620 63.29
1621 62.80
1622 62.80
1623 63.78
1624 63.29
1625 62.80
1626 62.80
1627 63.29
1628 61.83
1629 62.80
1630 62.80
1631 62.32
1632 62.32
1633 62.32
1634 61.83
1635 63.29
1636 62.32
1637 63.78
1638 62.80
1639 62.80
1640 61.83
1641 63.29
1643 63.29
1644 62.80
1645 62.80
1646 62.32
1647 63.78
1648 62.32
1649 62.32
1650 62.80
1651 62.80
1652 62.32
1653 62.32
1654 63.29
1655 62.32
1656 62.80
1657 62.80
1658 63.78
1659 62.32
1660 62.80
1661 63.29
1662 62.32
1663 63.29
1664 63.78
