1 0.09
2 0.09
3 0.09
4 0.09
5 0.09
6 0.09
7 0.09
8 0.09
9 0.09
10 0.09
11 0.09
12 0.09
13 0.09
14 0.09
15 0.09
16 0.09
17 0.09
18 0.09
20 0.09
21 0.09
22 0.09
23 0.09
24 0.09
25 0.09
26 0.09
27 0.09
28 0.09
29 0.09
30 0.09
31 0.09
32 0.09
33 0.09
34 0.09
35 0.09
36 0.09
37 0.09
38 0.09
39 0.09
40 0.09
41 0.09
42 0.09
43 0.09
44 0.09
45 0.09
46 0.09
47 0.09
49 0.09
50 0.09
51 0.09
52 0.09
53 0.09
54 0.09
55 0.09
56 0.09
57 0.09
58 0.09
59 0.09
60 0.09
61 0.09
62 0.09
63 0.09
64 0.09
65 0.09
66 0.09
67 0.09
68 0.09
69 0.09
70 0.09
71 0.09
72 0.09
73 0.09
74 0.09
75 0.09
76 0.09
77 0.09
79 0.09
80 0.09
81 0.09
82 0.09
83 0.09
84 0.09
85 0.09
86 0.09
87 0.09
88 0.09
89 0.09
90 0.09
91 0.09
92 0.09
93 0.09
94 0.09
95 0.09
96 0.09
97 0.09
98 0.09
99 0.09
100 0.09
101 0.09
102 0.09
103 0.09
104 0.09
105 0.09
106 0.09
107 0.09
108 0.09
110 0.09
111 0.09
112 0.09
113 0.09
114 0.09
115 0.09
116 0.09
117 0.09
118 0.09
119 0.09
120 0.09
121 0.09
122 0.09
123 0.09
124 0.09
125 0.09
126 0.09
127 0.09
128 0.09
129 0.09
130 0.09
131 0.09
132 0.09
133 0.09
134 0.09
135 0.09
136 0.09
137 0.09
138 0.09
140 0.09
141 0.09
142 0.09
143 0.09
144 0.09
145 0.09
146 0.09
147 0.09
148 0.09
149 0.09
150 0.09
151 0.09
152 0.09
153 0.09
154 0.09
155 0.09
156 0.09
157 0.09
158 0.09
159 0.09
160 0.09
161 0.09
162 0.09
163 0.09
164 0.09
165 0.09
166 0.09
167 0.09
168 0.09
170 0.09
171 0.09
172 0.09
173 0.09
174 0.09
175 0.09
176 0.09
177 0.09
178 0.09
179 0.09
180 0.09
181 0.09
182 0.09
183 0.09
184 0.09
185 0.09
186 0.09
187 0.09
188 0.09
189 0.09
190 0.09
191 0.09
192 0.09
193 0.09
194 0.09
195 0.09
196 0.09
197 0.09
198 0.09
199 0.09
201 0.09
202 0.09
203 0.09
204 0.09
205 0.09
206 0.09
207 0.09
208 0.09
209 0.09
210 0.09
211 0.09
212 0.09
213 0.09
214 0.09
215 0.09
216 0.09
217 0.09
218 0.09
219 0.09
220 0.09
221 0.09
222 0.09
223 0.09
224 0.09
225 0.09
226 0.09
227 0.09
229 0.09
230 0.09
231 0.09
232 0.09
233 0.09
234 0.09
235 0.09
236 0.09
237 0.09
238 0.09
239 0.09
240 0.09
241 0.09
242 0.09
243 0.09
244 0.09
245 0.09
246 0.09
247 0.09
248 0.09
249 0.09
250 0.09
251 0.09
252 0.09
253 0.09
254 0.09
255 0.09
257 0.09
258 0.09
259 0.09
260 0.09
261 0.09
262 0.09
263 0.09
264 0.09
265 0.09
266 0.09
267 0.09
268 0.09
269 0.09
270 0.09
271 0.09
272 0.09
273 0.09
274 0.09
275 0.09
276 0.09
277 0.09
278 0.09
279 0.09
280 0.09
281 0.09
282 0.09
283 0.09
285 0.09
286 0.09
287 0.09
288 0.09
289 0.09
290 0.09
291 0.09
292 0.09
293 0.09
294 0.09
295 0.09
296 0.09
297 0.09
298 0.09
299 0.09
300 0.09
301 0.09
302 0.09
303 0.09
304 0.09
305 0.09
306 0.09
307 0.09
308 0.09
309 0.09
311 0.09
312 0.09
313 0.09
314 0.09
315 0.09
316 0.09
317 0.09
318 0.09
319 0.09
320 0.09
321 0.09
322 0.09
323 0.09
324 0.09
325 0.09
326 0.09
327 0.09
328 0.09
329 0.09
330 0.09
331 0.09
332 0.09
333 0.09
334 0.09
335 0.09
336 0.09
337 0.09
339 0.09
340 0.09
341 0.09
342 0.09
343 0.09
344 0.09
345 0.09
346 0.09
347 0.09
348 0.09
349 0.09
350 0.09
351 0.09
352 0.09
353 0.09
354 0.09
355 0.09
356 0.09
357 0.09
358 0.09
359 0.09
360 0.09
361 0.09
362 0.09
363 0.09
364 0.09
365 0.09
366 0.09
367 0.09
369 0.09
370 0.09
371 0.09
372 0.09
373 0.09
374 0.09
375 0.09
376 0.09
377 0.09
378 0.09
379 0.09
380 0.09
381 0.09
382 0.09
383 0.09
384 0.09
385 0.09
386 0.09
387 0.09
388 0.09
389 0.09
390 0.09
391 0.09
392 0.09
393 0.09
394 0.09
395 0.09
396 0.09
397 0.09
399 0.09
400 0.09
401 0.09
402 0.09
403 0.09
404 0.09
405 0.09
406 0.09
407 0.09
408 0.09
409 0.09
410 0.09
411 0.09
412 0.09
413 0.09
414 0.09
415 0.09
416 0.09
417 0.09
418 0.09
419 0.09
420 0.09
421 0.09
422 0.09
423 0.09
424 0.09
425 0.09
426 0.09
427 0.09
428 0.09
430 0.09
431 0.09
432 0.09
433 0.09
434 0.09
435 0.09
436 0.09
437 0.09
438 0.09
439 0.09
440 0.09
441 0.09
442 0.09
443 0.09
444 0.09
445 0.09
446 0.09
447 0.09
448 0.09
449 0.09
450 0.09
451 0.09
452 0.09
453 0.09
454 0.09
455 0.09
456 0.09
457 0.09
458 0.09
460 0.09
461 0.09
462 0.09
463 0.09
464 0.09
465 0.09
466 0.09
467 0.09
468 0.09
469 0.09
470 0.09
471 0.09
472 0.09
473 0.09
474 0.09
475 0.09
476 0.09
477 0.09
478 0.09
479 0.09
480 0.09
481 0.09
482 0.09
483 0.09
484 0.09
485 0.09
486 0.09
487 0.09
488 0.10
490 0.10
491 0.10
492 0.10
493 0.10
494 0.10
495 0.10
496 0.10
497 0.10
498 0.10
499 0.10
500 0.10
501 0.10
502 0.10
503 0.10
504 0.10
505 0.10
506 0.10
507 0.10
508 0.10
509 0.10
510 0.10
511 0.10
512 0.10
513 0.10
514 0.10
515 0.10
516 0.10
517 0.10
518 0.10
519 0.10
521 0.10
522 0.10
523 0.10
524 0.10
525 0.10
526 0.10
527 0.10
528 0.10
529 0.10
530 0.10
531 0.10
532 0.10
533 0.10
534 0.10
535 0.10
536 0.10
537 0.10
538 0.10
539 0.10
540 0.10
541 0.10
542 0.10
543 0.10
544 0.10
545 0.10
546 0.10
547 0.10
548 0.10
550 0.10
551 0.10
552 0.10
553 0.10
554 0.10
555 0.10
556 0.10
557 0.10
558 0.10
559 0.10
560 0.10
561 0.10
562 0.10
563 0.10
564 0.10
565 0.10
566 0.10
567 0.10
568 0.10
569 0.10
570 0.10
571 0.10
572 0.10
573 0.10
574 0.10
575 0.10
576 0.10
577 0.10
579 0.10
580 0.10
581 0.10
582 0.10
583 0.10
584 0.10
585 0.10
586 0.10
587 0.10
588 0.10
589 0.10
590 0.10
591 0.10
592 0.10
593 0.10
594 0.10
595 0.10
596 0.10
597 0.10
598 0.10
599 0.10
600 0.10
601 0.10
602 0.10
603 0.10
604 0.10
605 0.10
607 0.10
608 0.10
609 0.10
610 0.10
611 0.10
612 0.10
613 0.10
614 0.10
615 0.10
616 0.10
617 0.10
618 0.10
619 0.10
620 0.10
621 0.10
622 0.10
623 0.10
624 0.10
625 0.10
626 0.10
627 0.10
628 0.10
629 0.10
630 0.10
631 0.10
632 0.10
633 0.10
634 0.10
635 0.10
637 0.10
638 0.10
639 0.10
640 0.10
641 0.10
642 0.10
643 0.10
644 0.10
645 0.10
646 0.10
647 0.10
648 0.10
649 0.10
650 0.10
651 0.10
652 0.10
653 0.10
654 0.10
655 0.10
656 0.10
657 0.10
658 0.10
659 0.10
660 0.10
661 0.10
662 0.10
663 0.10
664 0.10
665 0.10
667 0.10
668 0.10
669 0.10
670 0.10
671 0.10
672 0.10
673 0.10
674 0.10
675 0.10
676 0.10
677 0.10
678 0.10
679 0.10
680 0.10
681 0.10
682 0.10
683 0.10
684 0.10
685 0.10
686 0.10
687 0.10
688 0.10
689 0.10
690 0.10
691 0.10
692 0.10
693 0.10
694 0.10
695 0.10
696 0.10
698 0.10
699 0.10
700 0.10
701 0.10
702 0.10
703 0.10
704 0.10
705 0.10
706 0.10
707 0.10
708 0.10
709 0.10
710 0.10
711 0.10
712 0.10
713 0.10
714 0.10
715 0.10
716 0.10
717 0.10
718 0.10
719 0.10
720 0.10
721 0.10
722 0.10
723 0.10
724 0.10
725 0.10
726 0.10
728 0.10
729 0.10
730 0.10
731 0.10
732 0.10
733 0.10
734 0.10
735 0.10
736 0.10
737 0.10
738 0.10
739 0.10
740 0.10
741 0.10
742 0.10
743 0.10
744 0.10
745 0.10
746 0.10
747 0.10
748 0.10
749 0.10
750 0.10
751 0.10
752 0.10
753 0.10
754 0.10
756 0.10
757 0.10
758 0.10
759 0.10
760 0.10
761 0.10
762 0.10
763 0.10
764 0.10
765 0.10
766 0.10
767 0.10
768 0.10
769 0.10
770 0.10
771 0.10
772 0.10
773 0.10
774 0.10
775 0.10
776 0.10
777 0.10
778 0.10
779 0.10
780 0.10
781 0.10
782 0.10
784 0.10
785 0.10
786 0.10
787 0.10
788 0.10
789 0.10
790 0.10
791 0.10
792 0.10
793 0.10
794 0.10
795 0.10
796 0.10
797 0.10
798 0.10
799 0.10
800 0.10
801 0.10
802 0.10
803 0.10
804 0.10
805 0.10
806 0.10
807 0.10
808 0.10
809 0.10
810 0.10
812 0.10
813 0.10
814 0.10
815 0.10
816 0.10
817 0.10
818 0.10
819 0.10
820 0.10
821 0.10
822 0.10
823 0.10
824 0.10
825 0.10
826 0.10
827 0.10
828 0.10
829 0.10
830 0.10
831 0.10
832 0.10
833 0.10
834 0.10
835 0.10
836 0.10
837 0.10
839 0.10
840 0.10
841 0.10
842 0.10
843 0.10
844 0.10
845 0.10
846 0.10
847 0.10
848 0.10
849 0.10
850 0.10
851 0.10
852 0.10
853 0.10
854 0.10
855 0.10
856 0.10
857 0.10
858 0.10
859 0.10
860 0.10
861 0.10
862 0.10
863 0.10
864 0.10
865 0.10
866 0.10
867 0.10
868 0.10
870 0.10
871 0.10
872 0.10
873 0.10
874 0.10
875 0.10
876 0.10
877 0.10
878 0.10
879 0.10
880 0.10
881 0.10
882 0.10
883 0.10
884 0.10
885 0.10
886 0.10
887 0.10
888 0.10
889 0.10
890 0.10
891 0.10
892 0.10
893 0.10
894 0.10
895 0.10
896 0.10
897 0.10
898 0.10
900 0.10
901 0.10
902 0.10
903 0.10
904 0.10
905 0.10
906 0.10
907 0.10
908 0.10
909 0.10
910 0.10
911 0.10
912 0.10
913 0.10
914 0.10
915 0.10
916 0.10
917 0.10
918 0.10
919 0.10
920 0.10
921 0.10
922 0.10
923 0.10
924 0.10
925 0.10
926 0.10
927 0.10
928 0.10
930 0.10
931 0.10
932 0.10
933 0.10
934 0.10
935 0.10
936 0.10
937 0.10
938 0.10
939 0.10
940 0.10
941 0.10
942 0.10
943 0.10
944 0.10
945 0.10
946 0.10
947 0.10
948 0.10
949 0.10
950 0.10
951 0.10
952 0.10
953 0.10
954 0.10
955 0.10
956 0.10
957 0.10
958 0.10
960 0.10
961 0.10
962 0.10
963 0.10
964 0.10
965 0.10
966 0.10
967 0.10
968 0.10
969 0.10
970 0.10
971 0.10
972 0.10
973 0.10
974 0.10
975 0.10
976 0.10
977 0.10
978 0.10
979 0.10
980 0.10
981 0.10
982 0.10
983 0.10
984 0.10
985 0.10
986 0.10
987 0.10
988 0.10
990 0.10
991 0.10
992 0.10
993 0.10
994 0.10
995 0.10
996 0.10
997 0.10
998 0.10
999 0.10
1000 0.10
1001 0.10
1002 0.10
1003 0.10
1004 0.10
1005 0.10
1006 0.10
1007 0.10
1008 0.10
1009 0.10
1010 0.10
1011 0.10
1012 0.10
1013 0.10
1014 0.10
1015 0.10
1016 0.10
1017 0.10
1018 0.10
1019 0.10
1021 0.10
1022 0.10
1023 0.10
1024 0.10
1025 0.10
1026 0.10
1027 0.10
1028 0.11
1029 0.11
1030 0.11
1031 0.11
1032 0.11
1033 0.11
1034 0.11
1035 0.11
1036 0.11
1037 0.11
1038 0.11
1039 0.11
1040 0.11
1041 0.11
1042 0.11
1043 0.11
1044 0.11
1045 0.11
1046 0.11
1047 0.11
1048 0.11
1049 0.11
1051 0.11
1052 0.11
1053 0.11
1054 0.11
1055 0.11
1056 0.11
1057 0.11
1058 0.11
1059 0.11
1060 0.11
1061 0.11
1062 0.11
1063 0.11
1064 0.11
1065 0.11
1066 0.11
1067 0.11
1068 0.11
1069 0.11
1070 0.11
1071 0.11
1072 0.11
1073 0.11
1074 0.11
1075 0.11
1076 0.11
1077 0.11
1079 0.11
1080 0.11
1081 0.11
1082 0.11
1083 0.11
1084 0.11
1085 0.11
1086 0.11
1087 0.11
1088 0.11
1089 0.11
1090 0.11
1091 0.11
1092 0.11
1093 0.11
1094 0.11
1095 0.11
1096 0.11
1097 0.11
1098 0.11
1099 0.11
1100 0.11
1101 0.11
1102 0.11
1103 0.11
1104 0.11
1105 0.11
1106 0.11
1107 0.11
1109 0.11
1110 0.11
1111 0.11
1112 0.11
1113 0.11
1114 0.11
1115 0.11
1116 0.11
1117 0.11
1118 0.11
1119 0.11
1120 0.11
1121 0.11
1122 0.11
1123 0.11
1124 0.11
1125 0.11
1126 0.11
1127 0.11
1128 0.11
1129 0.11
1130 0.11
1131 0.11
1132 0.11
1133 0.11
1134 0.11
1135 0.11
1136 0.11
1138 0.11
1139 0.11
1140 0.11
1141 0.11
1142 0.11
1143 0.11
1144 0.11
1145 0.11
1146 0.11
1147 0.11
1148 0.11
1149 0.11
1150 0.11
1151 0.11
1152 0.11
1153 0.11
1154 0.11
1155 0.11
1156 0.11
1157 0.11
1158 0.11
1159 0.11
1160 0.11
1161 0.11
1162 0.11
1163 0.11
1164 0.11
1166 0.11
1167 0.11
1168 0.11
1169 0.11
1170 0.11
1171 0.11
1172 0.11
1173 0.11
1174 0.11
1175 0.11
1176 0.11
1177 0.11
1178 0.11
1179 0.11
1180 0.11
1181 0.11
1182 0.11
1183 0.11
1184 0.11
1185 0.11
1186 0.11
1187 0.11
1188 0.11
1189 0.11
1190 0.11
1191 0.11
1192 0.11
1194 0.11
1195 0.11
1196 0.11
1197 0.11
1198 0.11
1199 0.11
1200 0.11
1201 0.11
1202 0.11
1203 0.11
1204 0.11
1205 0.11
1206 0.11
1207 0.11
1208 0.11
1209 0.11
1210 0.11
1211 0.11
1212 0.11
1213 0.11
1214 0.11
1215 0.11
1216 0.11
1217 0.11
1218 0.11
1219 0.11
1220 0.11
1221 0.11
1222 0.11
1223 0.11
1225 0.11
1226 0.11
1227 0.11
1228 0.11
1229 0.11
1230 0.11
1231 0.11
1232 0.11
1233 0.11
1234 0.11
1235 0.11
1236 0.11
1237 0.11
1238 0.11
1239 0.11
1240 0.11
1241 0.11
1242 0.11
1243 0.11
1244 0.11
1245 0.11
1246 0.11
1247 0.11
1248 0.11
1249 0.11
1250 0.11
1251 0.11
1252 0.11
1253 0.11
1255 0.11
1256 0.11
1257 0.11
1258 0.11
1259 0.11
1260 0.11
1261 0.11
1262 0.11
1263 0.11
1264 0.11
1265 0.11
1266 0.11
1267 0.11
1268 0.11
1269 0.11
1270 0.11
1271 0.11
1272 0.11
1273 0.11
1274 0.11
1275 0.11
1276 0.11
1277 0.11
1278 0.11
1279 0.11
1280 0.11
1281 0.11
1282 0.11
1283 0.11
1285 0.11
1286 0.11
1287 0.11
1288 0.11
1289 0.11
1290 0.11
1291 0.11
1292 0.11
1293 0.11
1294 0.11
1295 0.11
1296 0.11
1297 0.11
1298 0.11
1299 0.11
1300 0.11
1301 0.11
1302 0.11
1303 0.11
1304 0.11
1305 0.11
1306 0.11
1307 0.11
1308 0.11
1309 0.11
1310 0.11
1311 0.11
1312 0.11
1313 0.11
1314 0.11
1316 0.11
1317 0.11
1318 0.11
1319 0.11
1320 0.11
1321 0.11
1322 0.11
1323 0.11
1324 0.11
1325 0.11
1326 0.11
1327 0.11
1328 0.11
1329 0.11
1330 0.11
1331 0.11
1332 0.11
1333 0.11
1334 0.11
1335 0.11
1336 0.11
1337 0.11
1338 0.11
1339 0.11
1340 0.11
1341 0.11
1342 0.11
1343 0.11
1344 0.11
1346 0.11
1347 0.11
1348 0.11
1349 0.11
1350 0.11
1351 0.11
1352 0.11
1353 0.11
1354 0.11
1355 0.11
1356 0.11
1357 0.11
1358 0.11
1359 0.11
1360 0.11
1361 0.11
1362 0.11
1363 0.11
1364 0.11
1365 0.11
1366 0.11
1367 0.11
1368 0.11
1369 0.11
1370 0.11
1371 0.11
1372 0.11
1373 0.11
1374 0.11
1376 0.11
1377 0.11
1378 0.11
1379 0.11
1380 0.11
1381 0.11
1382 0.11
1383 0.11
1384 0.11
1385 0.11
1386 0.11
1387 0.11
1388 0.11
1389 0.11
1390 0.11
1391 0.11
1392 0.11
1393 0.11
1394 0.11
1395 0.11
1396 0.11
1397 0.11
1398 0.11
1399 0.11
1400 0.11
1401 0.11
1402 0.11
1403 0.11
1404 0.11
1405 0.11
1407 0.11
1408 0.11
1409 0.11
1410 0.11
1411 0.11
1412 0.11
1413 0.11
1414 0.11
1415 0.11
1416 0.11
1417 0.11
1418 0.11
1419 0.11
1420 0.11
1421 0.11
1422 0.11
1423 0.11
1424 0.11
1425 0.11
1426 0.11
1427 0.11
1428 0.11
1429 0.11
1430 0.11
1431 0.11
1432 0.11
1433 0.11
1434 0.11
1435 0.11
1437 0.11
1438 0.11
1439 0.11
1440 0.11
1441 0.11
1442 0.11
1443 0.11
1444 0.11
1445 0.11
1446 0.11
1447 0.11
1448 0.11
1449 0.11
1450 0.11
1451 0.11
1452 0.11
1453 0.11
1454 0.11
1455 0.11
1456 0.11
1457 0.11
1458 0.11
1459 0.11
1460 0.11
1461 0.11
1462 0.11
1463 0.11
1464 0.11
1465 0.11
1467 0.11
1468 0.11
1469 0.11
1470 0.11
1471 0.11
1472 0.11
1473 0.11
1474 0.11
1475 0.11
1476 0.11
1477 0.11
1478 0.11
1479 0.11
1480 0.11
1481 0.11
1482 0.11
1483 0.11
1484 0.11
1485 0.11
1486 0.11
1487 0.11
1488 0.11
1489 0.11
1490 0.11
1491 0.11
1492 0.11
1493 0.11
1494 0.11
1495 0.11
1497 0.11
1498 0.11
1499 0.11
1500 0.11
1501 0.11
1502 0.11
1503 0.11
1504 0.11
1505 0.11
1506 0.11
1507 0.11
1508 0.11
1509 0.11
1510 0.11
1511 0.11
1512 0.11
1513 0.11
1514 0.11
1515 0.11
1516 0.11
1517 0.11
1518 0.11
1519 0.11
1520 0.11
1521 0.11
1522 0.11
1523 0.11
1524 0.11
1526 0.11
1527 0.11
1528 0.11
1529 0.11
1530 0.11
1531 0.11
1532 0.11
1533 0.11
1534 0.11
1535 0.11
1536 0.11
1537 0.11
1538 0.11
1539 0.11
1540 0.11
1541 0.11
1542 0.11
1543 0.11
1544 0.11
1545 0.11
1546 0.11
1547 0.11
1548 0.11
1549 0.11
1550 0.11
1551 0.11
1552 0.11
1554 0.11
1555 0.11
1556 0.11
1557 0.11
1558 0.11
1559 0.11
1560 0.11
1561 0.11
1562 0.11
1563 0.11
1564 0.11
1565 0.11
1566 0.11
1567 0.11
1568 0.11
1569 0.11
1570 0.11
1571 0.11
1572 0.11
1573 0.11
1574 0.11
1575 0.11
1576 0.11
1577 0.11
1578 0.12
1579 0.12
1580 0.12
1582 0.12
1583 0.12
1584 0.12
1585 0.12
1586 0.12
1587 0.12
1588 0.12
1589 0.12
1590 0.12
1591 0.12
1592 0.12
1593 0.12
1594 0.12
1595 0.12
1596 0.12
1597 0.12
1598 0.12
1599 0.12
1600 0.12
1601 0.12
1602 0.12
1603 0.12
1604 0.12
1605 0.12
1606 0.12
1607 0.12
1608 0.12
1609 0.12
1610 0.12
1612 0.12
1613 0.12
1614 0.12
1615 0.12
1616 0.12
1617 0.12
1618 0.12
1619 0.12
1620 0.12
1621 0.12
1622 0.12
1623 0.12
1624 0.12
1625 0.12
1626 0.12
1627 0.12
1628 0.12
1629 0.12
1630 0.12
1631 0.12
1632 0.12
1633 0.12
1634 0.12
1635 0.12
1636 0.12
1637 0.12
1638 0.12
1639 0.12
1640 0.12
1641 0.12
1643 0.12
1644 0.12
1645 0.12
1646 0.12
1647 0.12
1648 0.12
1649 0.12
1650 0.12
1651 0.12
1652 0.12
1653 0.12
1654 0.12
1655 0.12
1656 0.12
1657 0.12
1658 0.12
1659 0.12
1660 0.12
1661 0.12
1662 0.12
1663 0.12
1664 0.12
