1 56.9
2 56.0
3 57.4
4 56.0
5 56.0
6 56.9
7 56.0
8 57.4
9 57.4
10 56.4
11 56.9
12 56.9
13 56.4
14 57.4
15 57.9
16 57.4
17 57.4
18 56.9
20 56.4
21 57.4
22 56.0
23 57.9
24 56.9
25 57.9
26 57.9
27 56.9
28 57.9
29 57.4
30 57.4
31 56.9
32 56.9
33 56.9
34 57.9
35 56.9
36 57.9
37 56.4
38 57.9
39 56.9
40 57.4
41 56.9
42 57.9
43 56.9
44 57.4
45 57.9
46 58.4
47 56.4
49 57.4
50 58.9
51 58.4
52 58.4
53 57.9
54 57.9
55 58.9
56 57.4
57 57.9
58 58.4
59 58.4
60 57.4
61 58.4
62 57.9
63 57.4
64 57.4
65 58.9
66 58.4
67 57.9
68 58.4
69 58.9
70 58.4
71 58.9
72 57.9
73 58.9
74 58.4
75 56.9
76 58.4
77 57.9
78 57.9
80 58.9
81 58.4
82 58.9
83 58.4
84 57.4
85 58.4
86 58.4
87 57.9
88 57.4
89 58.9
90 58.4
91 58.9
92 58.9
93 59.4
94 59.9
95 59.4
96 58.9
97 58.9
98 59.9
99 59.4
100 58.4
101 58.4
102 59.4
103 59.4
104 58.4
105 58.9
106 57.9
107 58.9
108 58.4
110 58.9
111 59.4
112 57.9
113 59.4
114 58.9
115 58.9
116 58.9
117 58.9
118 58.9
119 58.4
120 59.4
121 59.4
122 58.4
123 59.9
124 58.9
125 58.4
126 58.9
127 59.9
128 59.9
129 57.9
130 58.9
131 59.4
132 58.9
133 58.4
134 59.9
135 59.4
136 58.9
137 58.9
138 59.4
139 59.4
141 58.9
142 60.3
143 59.4
144 58.4
145 58.9
146 58.9
147 59.4
148 57.9
149 59.9
150 58.9
151 58.9
152 59.4
153 59.4
154 58.9
155 59.4
156 59.4
157 59.9
158 59.4
159 59.9
160 59.9
161 59.9
162 59.9
163 60.8
164 59.9
165 59.9
166 59.4
167 60.3
168 58.9
169 58.9
171 59.4
172 58.9
173 59.4
174 59.4
175 60.3
176 59.9
177 59.9
178 60.3
179 60.3
180 59.9
181 59.9
182 59.4
183 59.9
184 59.4
185 60.3
186 59.4
187 58.9
188 59.9
189 59.9
190 59.9
191 60.8
192 59.4
193 59.9
194 59.9
195 59.4
196 59.9
197 59.9
198 58.9
199 59.9
201 59.4
202 60.8
203 60.8
204 60.8
205 59.4
206 59.9
207 59.9
208 60.3
209 60.3
210 60.3
211 59.9
212 59.4
213 59.9
214 59.9
215 59.9
216 59.4
217 59.9
218 59.9
219 60.3
220 59.4
221 59.4
222 60.3
223 59.9
224 60.3
225 59.4
226 59.4
227 59.9
229 60.3
230 60.3
231 60.8
232 60.3
233 60.8
234 60.8
235 60.3
236 60.3
237 60.3
238 59.4
239 60.3
240 60.3
241 59.9
242 60.3
243 59.9
244 58.9
245 60.3
246 59.9
247 59.9
248 59.9
249 59.9
250 60.3
251 59.9
252 59.4
253 60.8
254 60.8
255 60.3
257 59.9
258 59.4
259 60.3
260 60.8
261 60.3
262 59.9
263 59.9
264 60.8
265 59.4
266 61.3
267 60.3
268 60.3
269 59.9
270 60.3
271 60.8
272 59.4
273 60.3
274 60.8
275 59.9
276 60.8
277 60.3
278 60.3
279 60.3
280 60.3
281 60.3
282 60.8
283 60.8
285 60.8
286 60.8
287 60.3
288 60.8
289 60.3
290 60.8
291 59.9
292 60.3
293 59.9
294 59.9
295 60.8
296 60.3
297 60.3
298 60.3
299 60.3
300 60.8
301 60.8
302 60.8
303 60.3
304 60.3
305 60.8
306 60.3
307 61.8
308 60.8
309 61.3
311 60.3
312 61.3
313 60.3
314 59.9
315 60.8
316 60.8
317 60.8
318 60.3
319 61.3
320 60.8
321 60.8
322 60.8
323 60.3
324 60.8
325 61.3
326 60.8
327 60.8
328 59.9
329 61.3
330 60.3
331 60.8
332 59.9
333 60.3
334 60.3
335 59.4
336 60.3
337 60.3
339 60.3
340 60.8
341 61.3
342 59.9
343 60.3
344 60.3
345 60.8
346 59.9
347 61.8
348 61.3
349 60.8
350 60.8
351 60.8
352 60.3
353 60.8
354 60.8
355 60.8
356 60.3
357 60.3
358 60.3
359 60.8
360 60.3
361 61.8
362 60.8
363 61.3
364 60.3
365 61.8
366 60.8
367 61.8
369 61.3
370 61.8
371 60.8
372 60.8
373 60.8
374 60.3
375 61.8
376 60.8
377 60.8
378 60.8
379 60.3
380 61.8
381 60.8
382 61.3
383 61.8
384 60.8
385 60.8
386 60.8
387 61.3
388 60.3
389 60.3
390 61.3
391 60.3
392 61.3
393 60.8
394 60.3
395 60.8
396 60.3
397 60.8
399 61.8
400 61.3
401 60.8
402 61.3
403 61.3
404 60.8
405 61.3
406 61.8
407 60.8
408 60.8
409 60.8
410 61.3
411 60.8
412 60.3
413 61.3
414 60.8
415 60.3
416 60.3
417 61.8
418 61.3
419 61.3
420 61.8
421 60.8
422 61.3
423 60.3
424 60.3
425 61.8
426 61.8
427 61.8
428 61.3
430 60.3
431 60.8
432 61.3
433 60.3
434 60.8
435 60.8
436 61.3
437 61.8
438 60.8
439 60.8
440 60.8
441 61.3
442 61.3
443 60.8
444 60.8
445 61.3
446 61.3
447 61.3
448 60.8
449 60.8
450 61.8
451 61.3
452 61.3
453 61.8
454 61.3
455 61.3
456 61.3
457 61.8
458 60.8
460 61.3
461 60.8
462 60.8
463 61.3
464 61.3
465 61.3
466 61.8
467 60.3
468 61.3
469 61.3
470 61.3
471 61.3
472 61.8
473 61.3
474 61.3
475 60.8
476 62.3
477 61.8
478 61.8
479 61.3
480 60.8
481 61.8
482 61.3
483 60.8
484 61.3
485 61.3
486 60.8
487 61.3
488 60.8
490 60.8
491 61.8
492 61.3
493 61.3
494 60.8
495 60.8
496 61.3
497 61.8
498 60.8
499 60.8
500 61.3
501 60.8
502 60.3
503 61.8
504 61.8
505 61.3
506 61.3
507 60.8
508 60.8
509 61.3
510 61.8
511 61.3
512 62.3
513 60.8
514 61.3
515 62.3
516 61.8
517 62.3
518 60.8
519 61.8
521 60.3
522 61.8
523 60.8
524 61.3
525 61.3
526 61.8
527 61.3
528 61.8
529 61.8
530 61.3
531 61.8
532 61.3
533 61.8
534 61.3
535 61.3
536 62.3
537 61.3
538 61.3
539 62.3
540 60.8
541 60.8
542 61.3
543 61.3
544 60.8
545 60.3
546 61.8
547 61.3
548 61.8
549 61.3
551 61.3
552 61.8
553 62.3
554 60.8
555 61.8
556 59.9
557 61.8
558 61.8
559 61.3
560 61.3
561 60.8
562 60.8
563 62.3
564 61.3
565 61.8
566 62.3
567 61.8
568 61.8
569 61.3
570 62.3
571 61.8
572 61.8
573 61.8
574 60.8
575 62.3
576 61.3
577 61.3
579 61.8
580 60.8
581 61.8
582 61.8
583 61.8
584 61.3
585 62.3
586 60.8
587 61.8
588 61.8
589 61.8
590 61.8
591 62.3
592 61.8
593 61.3
594 62.3
595 62.3
596 60.8
597 60.8
598 61.3
599 61.8
600 61.8
601 62.8
602 61.8
603 60.8
604 61.3
605 60.8
606 62.3
608 61.8
609 61.8
610 61.3
611 61.8
612 61.3
613 62.3
614 62.3
615 61.8
616 61.3
617 60.8
618 61.3
619 61.3
620 61.3
621 61.8
622 61.3
623 62.3
624 61.3
625 60.8
626 61.8
627 61.8
628 61.8
629 60.8
630 61.8
631 60.8
632 61.3
633 61.8
634 61.8
635 61.3
637 61.3
638 60.8
639 61.8
640 61.8
641 60.8
642 61.3
643 61.8
644 61.3
645 62.3
646 60.8
647 60.8
648 61.8
649 61.8
650 62.3
651 61.3
652 62.8
653 62.8
654 62.3
655 61.8
656 61.8
657 61.3
658 61.3
659 61.3
660 62.3
661 61.3
662 61.8
663 62.3
664 61.3
665 62.3
667 62.3
668 61.8
669 62.8
670 61.8
671 61.3
672 61.8
673 61.3
674 61.3
675 62.3
676 61.8
677 62.8
678 61.8
679 61.8
680 61.3
681 61.8
682 61.3
683 62.3
684 62.3
685 62.3
686 61.3
687 60.8
688 62.3
689 61.8
690 61.8
691 62.8
692 61.8
693 61.8
694 61.8
695 61.3
696 62.3
698 61.8
699 63.3
700 61.8
701 62.3
702 61.3
703 61.8
704 62.3
705 62.8
706 61.8
707 62.3
708 60.8
709 62.8
710 61.8
711 61.8
712 61.8
713 61.3
714 61.8
715 61.3
716 61.8
717 61.8
718 61.3
719 62.3
720 62.8
721 60.8
722 62.8
723 61.8
724 61.8
725 63.3
726 61.8
728 62.3
729 62.3
730 62.8
731 61.3
732 62.3
733 62.8
734 61.8
735 62.3
736 61.3
737 62.3
738 61.8
739 61.8
740 62.3
741 61.8
742 62.8
743 61.8
744 61.8
745 61.8
746 61.8
747 62.3
748 61.8
749 61.8
750 62.3
751 62.8
752 62.3
753 61.8
754 60.8
755 61.8
757 61.8
758 60.8
759 62.8
760 61.8
761 61.8
762 61.8
763 61.8
764 61.8
765 62.3
766 61.3
767 61.8
768 61.8
769 61.8
770 60.8
771 60.8
772 60.3
773 61.8
774 61.3
775 61.3
776 61.3
777 61.8
778 61.8
779 61.3
780 61.8
781 60.3
782 61.8
783 61.8
785 61.3
786 61.8
787 61.3
788 61.3
789 61.8
790 61.3
791 61.3
792 61.8
793 61.3
794 61.8
795 61.3
796 62.3
797 61.8
798 62.3
799 61.8
800 61.3
801 61.8
802 61.8
803 62.3
804 63.3
805 61.3
806 61.8
807 60.8
808 62.3
809 61.8
810 61.3
811 62.8
813 61.8
814 60.8
815 61.3
816 61.8
817 62.8
818 62.3
819 62.3
820 61.3
821 62.8
822 61.3
823 61.8
824 62.3
825 60.8
826 62.8
827 61.8
828 61.3
829 61.8
830 61.8
831 61.3
832 61.3
833 62.8
834 61.8
835 61.8
836 62.3
837 62.3
838 61.8
840 61.8
841 61.8
842 62.8
843 62.3
844 62.3
845 61.3
846 61.8
847 61.8
848 61.3
849 62.3
850 62.8
851 61.3
852 61.8
853 60.8
854 62.8
855 62.8
856 61.3
857 61.8
858 61.8
859 61.3
860 60.8
861 62.3
862 61.8
863 61.3
864 61.8
865 62.3
866 62.3
867 61.8
868 61.8
870 61.8
871 61.8
872 62.3
873 61.8
874 61.3
875 62.8
876 62.3
877 61.8
878 61.8
879 61.8
880 62.3
881 62.3
882 61.8
883 62.8
884 60.3
885 62.8
886 62.3
887 61.8
888 61.3
889 62.3
890 61.8
891 61.3
892 62.8
893 61.8
894 61.8
895 62.3
896 62.3
897 61.3
898 62.3
900 62.3
901 62.8
902 61.8
903 62.3
904 62.3
905 61.3
906 61.3
907 61.8
908 61.3
909 62.8
910 61.8
911 62.3
912 62.3
913 62.3
914 61.8
915 62.3
916 62.3
917 63.7
918 62.8
919 61.8
920 62.3
921 61.8
922 61.8
923 61.3
924 62.3
925 61.8
926 61.3
927 62.8
928 62.3
930 61.8
931 61.8
932 62.3
933 63.3
934 61.8
935 62.3
936 61.8
937 62.3
938 62.3
939 61.8
940 61.3
941 61.8
942 61.3
943 62.3
944 61.8
945 62.3
946 62.8
947 62.3
948 62.3
949 62.3
950 61.3
951 62.3
952 62.3
953 62.8
954 61.8
955 62.8
956 62.3
957 62.3
958 61.3
960 61.3
961 62.8
962 62.3
963 61.8
964 62.8
965 61.8
966 62.3
967 62.3
968 61.8
969 62.8
970 62.3
971 62.3
972 62.3
973 62.3
974 61.8
975 62.3
976 62.8
977 62.8
978 62.3
979 62.3
980 62.3
981 62.8
982 61.8
983 62.3
984 61.8
985 62.3
986 62.8
987 62.3
988 62.3
989 61.8
991 61.8
992 61.8
993 62.3
994 62.3
995 61.8
996 61.8
997 61.8
998 62.8
999 62.3
1000 61.3
1001 63.3
1002 62.3
1003 62.3
1004 61.8
1005 61.8
1006 62.8
1007 61.8
1008 61.3
1009 63.3
1010 61.3
1011 61.8
1012 62.3
1013 63.3
1014 61.8
1015 61.8
1016 62.8
1017 62.3
1018 62.3
1019 61.8
1021 62.3
1022 62.3
1023 61.8
1024 62.8
1025 62.3
1026 62.3
1027 61.8
1028 61.8
1029 62.3
1030 62.3
1031 62.3
1032 61.8
1033 61.3
1034 62.3
1035 61.8
1036 61.8
1037 61.8
1038 63.3
1039 62.3
1040 62.3
1041 61.8
1042 61.8
1043 61.8
1044 62.8
1045 62.3
1046 63.3
1047 62.3
1048 62.3
1049 62.3
1051 61.8
1052 63.3
1053 62.8
1054 62.3
1055 62.8
1056 62.8
1057 61.8
1058 62.8
1059 62.3
1060 61.8
1061 62.8
1062 62.8
1063 62.3
1064 62.3
1065 62.8
1066 62.3
1067 61.8
1068 62.3
1069 62.3
1070 61.8
1071 62.8
1072 61.8
1073 61.3
1074 61.8
1075 63.3
1076 62.3
1077 62.3
1079 63.3
1080 61.8
1081 62.8
1082 62.3
1083 61.3
1084 62.8
1085 62.3
1086 62.3
1087 62.3
1088 62.8
1089 62.8
1090 61.8
1091 62.3
1092 62.3
1093 61.8
1094 62.3
1095 62.3
1096 61.3
1097 61.8
1098 61.8
1099 63.3
1100 62.8
1101 61.8
1102 61.3
1103 61.8
1104 62.8
1105 62.3
1106 61.8
1107 62.3
1109 62.3
1110 62.8
1111 62.8
1112 61.8
1113 63.3
1114 62.8
1115 62.3
1116 62.3
1117 61.8
1118 62.3
1119 61.8
1120 63.7
1121 62.3
1122 62.3
1123 61.8
1124 62.3
1125 61.8
1126 63.3
1127 62.8
1128 62.3
1129 61.3
1130 63.3
1131 62.3
1132 62.3
1133 62.3
1134 62.8
1135 61.3
1136 62.8
1137 62.3
1139 62.3
1140 62.3
1141 62.3
1142 61.8
1143 62.8
1144 63.3
1145 62.8
1146 61.8
1147 61.8
1148 61.8
1149 62.8
1150 62.8
1151 62.3
1152 61.8
1153 61.8
1154 62.3
1155 62.3
1156 62.3
1157 63.3
1158 62.8
1159 62.8
1160 62.3
1161 61.3
1162 62.3
1163 63.3
1164 62.3
1165 62.3
1167 62.3
1168 61.3
1169 62.3
1170 62.3
1171 62.3
1172 61.8
1173 63.3
1174 62.3
1175 62.3
1176 62.8
1177 62.8
1178 62.3
1179 62.3
1180 62.3
1181 62.3
1182 62.8
1183 62.8
1184 62.8
1185 61.8
1186 61.3
1187 61.8
1188 64.2
1189 62.3
1190 61.8
1191 62.3
1192 62.8
1193 62.3
1195 63.3
1196 62.8
1197 61.8
1198 62.8
1199 62.3
1200 62.3
1201 62.8
1202 62.3
1203 61.8
1204 62.8
1205 62.3
1206 62.3
1207 61.8
1208 62.3
1209 62.3
1210 63.3
1211 62.8
1212 62.8
1213 63.3
1214 62.3
1215 62.3
1216 61.3
1217 62.8
1218 61.8
1219 61.8
1220 62.8
1221 62.8
1222 62.3
1223 62.3
1225 61.8
1226 62.3
1227 63.3
1228 62.8
1229 63.3
1230 61.8
1231 62.3
1232 62.3
1233 62.3
1234 60.8
1235 62.8
1236 62.3
1237 61.8
1238 63.3
1239 62.3
1240 61.8
1241 63.7
1242 63.3
1243 62.8
1244 62.8
1245 61.8
1246 63.3
1247 62.3
1248 62.8
1249 62.8
1250 61.8
1251 62.3
1252 62.8
1253 61.8
1255 63.7
1256 62.8
1257 63.3
1258 62.3
1259 63.7
1260 62.3
1261 61.8
1262 62.8
1263 62.8
1264 62.8
1265 62.3
1266 62.8
1267 62.8
1268 61.8
1269 62.3
1270 63.3
1271 62.8
1272 62.8
1273 62.8
1274 62.3
1275 62.8
1276 62.3
1277 62.3
1278 63.3
1279 61.3
1280 62.8
1281 61.3
1282 62.3
1283 63.3
1284 62.3
1286 62.8
1287 63.3
1288 62.8
1289 62.8
1290 63.3
1291 62.8
1292 62.3
1293 62.3
1294 62.8
1295 62.8
1296 62.3
1297 62.3
1298 62.8
1299 62.3
1300 61.3
1301 62.8
1302 61.8
1303 62.8
1304 62.8
1305 62.3
1306 63.3
1307 62.3
1308 62.8
1309 63.3
1310 62.8
1311 62.8
1312 62.8
1313 62.8
1314 62.3
1316 62.3
1317 62.8
1318 62.8
1319 63.3
1320 62.8
1321 62.3
1322 62.8
1323 62.8
1324 62.3
1325 62.3
1326 63.3
1327 63.3
1328 63.3
1329 61.8
1330 62.8
1331 62.8
1332 62.3
1333 62.3
1334 63.3
1335 62.3
1336 62.8
1337 62.3
1338 62.3
1339 62.3
1340 62.8
1341 62.3
1342 63.3
1343 63.3
1344 63.3
1346 62.8
1347 62.3
1348 62.8
1349 62.8
1350 62.8
1351 62.8
1352 62.3
1353 63.3
1354 63.3
1355 62.8
1356 62.3
1357 62.3
1358 62.8
1359 62.8
1360 63.7
1361 62.3
1362 63.7
1363 62.8
1364 62.8
1365 63.3
1366 62.3
1367 63.3
1368 62.8
1369 62.3
1370 62.3
1371 62.8
1372 62.8
1373 62.8
1374 63.3
1375 63.7
1377 62.8
1378 63.3
1379 63.3
1380 62.3
1381 63.3
1382 62.8
1383 62.8
1384 63.3
1385 62.8
1386 63.3
1387 63.3
1388 63.3
1389 63.3
1390 62.8
1391 63.3
1392 61.3
1393 62.3
1394 62.8
1395 61.8
1396 62.3
1397 63.7
1398 62.3
1399 62.8
1400 62.8
1401 62.8
1402 63.3
1403 62.8
1404 62.8
1405 63.3
1407 62.3
1408 62.3
1409 62.3
1410 62.8
1411 62.3
1412 62.3
1413 62.3
1414 62.8
1415 62.8
1416 62.3
1417 62.3
1418 62.8
1419 62.3
1420 62.3
1421 62.3
1422 62.8
1423 63.3
1424 62.3
1425 63.7
1426 62.3
1427 62.8
1428 63.3
1429 62.8
1430 63.3
1431 62.3
1432 63.3
1433 63.3
1434 63.7
1435 62.3
1437 63.7
1438 61.8
1439 63.3
1440 63.3
1441 63.3
1442 63.3
1443 62.3
1444 62.3
1445 62.3
1446 61.8
1447 62.8
1448 63.7
1449 62.8
1450 62.8
1451 62.8
1452 63.7
1453 63.3
1454 62.3
1455 63.3
1456 62.8
1457 62.3
1458 63.3
1459 62.8
1460 62.8
1461 61.8
1462 63.3
1463 62.3
1464 63.3
1465 62.8
1466 62.3
1468 63.3
1469 62.8
1470 62.8
1471 62.8
1472 62.8
1473 62.3
1474 62.3
1475 62.3
1476 62.8
1477 62.8
1478 62.3
1479 63.3
1480 62.3
1481 61.8
1482 62.8
1483 62.8
1484 62.3
1485 63.3
1486 62.8
1487 62.3
1488 62.3
1489 62.8
1490 62.8
1491 62.8
1492 62.3
1493 62.3
1494 62.8
1495 62.8
1497 63.3
1498 62.8
1499 63.7
1500 62.8
1501 62.8
1502 62.8
1503 63.3
1504 63.3
1505 63.3
1506 62.8
1507 61.8
1508 61.8
1509 62.8
1510 63.3
1511 63.7
1512 62.3
1513 62.8
1514 62.8
1515 62.8
1516 63.3
1517 62.3
1518 63.3
1519 62.8
1520 63.3
1521 62.8
1522 62.3
1523 63.7
1524 62.8
1525 62.8
1527 62.8
1528 62.8
1529 63.7
1530 63.3
1531 62.8
1532 63.3
1533 62.8
1534 63.3
1535 63.3
1536 62.3
1537 63.3
1538 63.3
1539 63.3
1540 63.3
1541 62.8
1542 61.8
1543 62.3
1544 62.8
1545 61.8
1546 62.8
1547 62.8
1548 63.3
1549 63.7
1550 62.8
1551 63.3
1552 62.8
1553 62.3
1555 62.3
1556 63.3
1557 62.8
1558 62.3
1559 63.3
1560 63.3
1561 63.3
1562 62.8
1563 62.8
1564 62.3
1565 63.3
1566 62.3
1567 62.8
1568 62.3
1569 62.8
1570 62.8
1571 62.3
1572 62.8
1573 62.8
1574 62.3
1575 62.3
1576 62.8
1577 62.8
1578 62.8
1579 63.7
1580 62.3
1582 62.8
1583 61.8
1584 62.3
1585 63.3
1586 62.8
1587 63.3
1588 62.3
1589 63.3
1590 63.3
1591 62.3
1592 61.8
1593 62.8
1594 63.3
1595 62.8
1596 63.3
1597 62.3
1598 63.3
1599 63.3
1600 62.8
1601 62.3
1602 62.8
1603 63.3
1604 62.3
1605 62.3
1606 63.7
1607 62.3
1608 62.8
1609 62.3
1610 62.3
1611 63.3
1613 63.3
1614 62.3
1615 63.3
1616 62.3
1617 62.8
1618 62.8
1619 62.8
1620 62.3
1621 62.8
1622 62.8
1623 63.7
1624 63.3
1625 62.3
1626 62.8
1627 62.8
1628 61.8
1629 62.8
1630 62.8
1631 62.8
1632 62.3
1633 62.3
1634 61.8
1635 63.3
1636 63.3
1637 63.7
1638 62.3
1639 62.8
1640 61.8
1641 63.3
1643 63.3
1644 62.8
1645 62.8
1646 61.8
1647 62.8
1648 61.8
1649 62.8
1650 62.8
1651 62.3
1652 62.3
1653 63.3
1654 63.3
1655 62.3
1656 62.8
1657 62.8
1658 63.3
1659 62.3
1660 63.3
1661 63.3
1662 62.3
1663 63.3
1664 63.7
