1 7.898 0.153 7.057 0.008 0.687 7.469
2 7.898 0.153 7.057 0.008 0.687 7.469
3 7.898 0.153 7.057 0.008 0.687 7.47
4 7.898 0.153 7.057 0.008 0.687 7.469
5 7.898 0.154 7.057 0.008 0.687 7.469
6 7.898 0.153 7.057 0.008 0.687 7.469
7 7.898 0.154 7.056 0.008 0.687 7.468
8 7.898 0.154 7.056 0.008 0.687 7.469
9 7.898 0.153 7.057 0.008 0.687 7.469
10 7.898 0.154 7.056 0.008 0.687 7.469
11 7.898 0.154 7.057 0.008 0.687 7.469
12 7.898 0.154 7.056 0.008 0.687 7.469
13 7.898 0.154 7.056 0.008 0.687 7.468
14 7.898 0.155 7.056 0.008 0.687 7.468
15 7.898 0.154 7.056 0.008 0.687 7.469
16 7.898 0.154 7.056 0.008 0.687 7.468
17 7.898 0.154 7.056 0.008 0.687 7.469
19 7.898 0.154 7.056 0.008 0.687 7.468
20 7.898 0.154 7.056 0.008 0.687 7.469
21 7.898 0.154 7.057 0.008 0.687 7.469
22 7.898 0.154 7.056 0.008 0.687 7.468
23 7.898 0.154 7.056 0.008 0.687 7.468
24 7.898 0.154 7.056 0.008 0.687 7.468
25 7.898 0.153 7.057 0.008 0.687 7.469
26 7.898 0.154 7.057 0.008 0.687 7.469
27 7.898 0.154 7.057 0.008 0.687 7.469
28 7.898 0.153 7.057 0.008 0.687 7.469
29 7.898 0.154 7.057 0.008 0.687 7.469
30 7.898 0.154 7.057 0.008 0.687 7.469
31 7.898 0.154 7.056 0.008 0.687 7.468
32 7.898 0.154 7.056 0.008 0.687 7.468
33 7.898 0.155 7.056 0.008 0.687 7.468
34 7.898 0.154 7.056 0.008 0.687 7.468
35 7.898 0.154 7.057 0.008 0.687 7.469
36 7.898 0.153 7.057 0.008 0.687 7.469
37 7.898 0.154 7.057 0.008 0.687 7.469
38 7.898 0.154 7.056 0.008 0.687 7.469
39 7.898 0.154 7.056 0.008 0.687 7.468
40 7.898 0.154 7.057 0.008 0.687 7.469
41 7.898 0.154 7.057 0.008 0.687 7.469
42 7.898 0.154 7.056 0.008 0.687 7.469
43 7.898 0.154 7.057 0.008 0.687 7.469
44 7.898 0.154 7.057 0.008 0.687 7.469
45 7.898 0.154 7.056 0.008 0.687 7.468
46 7.898 0.154 7.056 0.008 0.687 7.469
47 7.898 0.154 7.057 0.008 0.687 7.469
49 7.898 0.155 7.056 0.008 0.687 7.468
50 7.898 0.154 7.056 0.008 0.687 7.469
51 7.898 0.154 7.056 0.008 0.687 7.468
52 7.898 0.155 7.056 0.008 0.687 7.468
53 7.898 0.155 7.056 0.008 0.687 7.468
54 7.898 0.154 7.056 0.008 0.687 7.468
55 7.898 0.155 7.056 0.008 0.687 7.468
56 7.898 0.155 7.056 0.008 0.687 7.468
57 7.898 0.155 7.056 0.008 0.687 7.468
58 7.898 0.155 7.056 0.008 0.687 7.468
59 7.898 0.154 7.056 0.008 0.687 7.468
60 7.898 0.154 7.056 0.008 0.687 7.468
61 7.898 0.154 7.056 0.008 0.687 7.468
62 7.898 0.154 7.056 0.008 0.687 7.468
63 7.898 0.154 7.056 0.008 0.687 7.468
64 7.898 0.154 7.056 0.008 0.687 7.469
65 7.898 0.155 7.056 0.008 0.687 7.468
66 7.898 0.154 7.056 0.008 0.687 7.468
67 7.898 0.154 7.056 0.008 0.687 7.468
68 7.898 0.154 7.056 0.008 0.687 7.468
69 7.898 0.154 7.056 0.008 0.687 7.468
70 7.898 0.154 7.056 0.008 0.687 7.468
71 7.898 0.155 7.056 0.008 0.687 7.468
72 7.898 0.155 7.056 0.008 0.687 7.468
73 7.898 0.154 7.056 0.008 0.687 7.469
74 7.898 0.154 7.056 0.008 0.687 7.468
75 7.898 0.154 7.056 0.008 0.687 7.468
76 7.898 0.154 7.056 0.008 0.687 7.468
77 7.898 0.154 7.056 0.008 0.687 7.469
79 7.898 0.154 7.056 0.008 0.687 7.468
80 7.898 0.154 7.056 0.008 0.687 7.468
81 7.898 0.154 7.056 0.008 0.687 7.468
82 7.898 0.155 7.056 0.008 0.687 7.468
83 7.898 0.155 7.055 0.008 0.687 7.468
84 7.898 0.155 7.056 0.008 0.687 7.468
85 7.898 0.154 7.056 0.008 0.687 7.468
86 7.898 0.154 7.056 0.008 0.687 7.469
87 7.898 0.154 7.057 0.008 0.687 7.469
88 7.898 0.154 7.056 0.008 0.687 7.469
89 7.898 0.154 7.056 0.008 0.687 7.469
90 7.898 0.154 7.056 0.008 0.687 7.469
91 7.898 0.155 7.056 0.008 0.687 7.468
92 7.898 0.154 7.057 0.008 0.687 7.469
93 7.898 0.154 7.056 0.008 0.687 7.469
94 7.898 0.155 7.056 0.008 0.687 7.468
95 7.898 0.154 7.057 0.008 0.687 7.469
96 7.898 0.154 7.056 0.008 0.687 7.468
97 7.898 0.155 7.056 0.008 0.687 7.468
98 7.898 0.154 7.056 0.008 0.687 7.468
99 7.898 0.154 7.056 0.008 0.687 7.468
100 7.898 0.154 7.056 0.008 0.687 7.468
101 7.898 0.155 7.056 0.008 0.687 7.468
102 7.898 0.154 7.056 0.008 0.687 7.469
103 7.898 0.154 7.056 0.008 0.687 7.468
104 7.898 0.154 7.056 0.008 0.687 7.468
105 7.898 0.155 7.056 0.008 0.687 7.468
106 7.898 0.154 7.057 0.008 0.687 7.469
107 7.898 0.154 7.056 0.008 0.687 7.468
108 7.898 0.154 7.056 0.008 0.687 7.469
110 7.898 0.154 7.056 0.008 0.687 7.468
111 7.898 0.154 7.056 0.008 0.687 7.468
112 7.898 0.154 7.056 0.008 0.687 7.468
113 7.898 0.155 7.056 0.008 0.687 7.468
114 7.898 0.154 7.056 0.008 0.687 7.468
115 7.898 0.154 7.056 0.008 0.687 7.468
116 7.898 0.154 7.056 0.008 0.687 7.469
117 7.898 0.154 7.056 0.008 0.687 7.468
118 7.898 0.154 7.056 0.008 0.687 7.469
119 7.898 0.154 7.056 0.008 0.687 7.469
120 7.898 0.154 7.056 0.008 0.687 7.468
121 7.898 0.155 7.056 0.008 0.687 7.468
122 7.898 0.155 7.056 0.008 0.687 7.468
123 7.898 0.154 7.056 0.008 0.687 7.468
124 7.898 0.155 7.056 0.008 0.687 7.468
125 7.898 0.155 7.055 0.008 0.687 7.468
126 7.898 0.155 7.056 0.008 0.687 7.468
127 7.898 0.154 7.056 0.008 0.687 7.468
128 7.898 0.155 7.056 0.008 0.687 7.468
129 7.898 0.155 7.056 0.008 0.687 7.468
130 7.898 0.155 7.056 0.008 0.687 7.468
131 7.898 0.154 7.056 0.008 0.687 7.468
132 7.898 0.154 7.056 0.008 0.687 7.468
133 7.898 0.155 7.056 0.008 0.687 7.468
134 7.898 0.154 7.057 0.008 0.687 7.469
135 7.898 0.154 7.056 0.008 0.687 7.468
136 7.898 0.155 7.056 0.008 0.687 7.468
137 7.898 0.154 7.056 0.008 0.687 7.469
138 7.898 0.154 7.056 0.008 0.687 7.469
140 7.898 0.155 7.056 0.008 0.687 7.468
141 7.898 0.154 7.056 0.008 0.687 7.468
142 7.898 0.154 7.056 0.008 0.687 7.468
143 7.898 0.155 7.056 0.008 0.687 7.468
144 7.898 0.154 7.056 0.008 0.687 7.468
145 7.898 0.155 7.055 0.008 0.687 7.468
146 7.898 0.154 7.056 0.008 0.687 7.468
147 7.898 0.155 7.056 0.008 0.687 7.468
148 7.898 0.155 7.056 0.008 0.687 7.468
149 7.898 0.155 7.056 0.008 0.687 7.468
150 7.898 0.155 7.056 0.008 0.687 7.468
151 7.898 0.154 7.056 0.008 0.687 7.468
152 7.898 0.154 7.056 0.008 0.687 7.468
153 7.898 0.155 7.056 0.008 0.687 7.468
154 7.898 0.154 7.056 0.008 0.687 7.468
155 7.898 0.155 7.056 0.008 0.687 7.468
156 7.898 0.154 7.056 0.008 0.687 7.468
157 7.898 0.154 7.056 0.008 0.687 7.468
158 7.898 0.154 7.056 0.008 0.687 7.468
159 7.898 0.155 7.056 0.008 0.687 7.468
160 7.898 0.155 7.056 0.008 0.687 7.468
161 7.898 0.154 7.056 0.008 0.687 7.469
162 7.898 0.154 7.056 0.008 0.687 7.468
163 7.898 0.154 7.056 0.008 0.687 7.468
164 7.898 0.154 7.056 0.008 0.687 7.468
165 7.898 0.155 7.056 0.008 0.687 7.468
166 7.898 0.154 7.056 0.008 0.687 7.468
167 7.898 0.154 7.056 0.008 0.687 7.468
168 7.898 0.154 7.056 0.008 0.687 7.469
170 7.898 0.154 7.056 0.008 0.687 7.468
171 7.898 0.154 7.056 0.008 0.687 7.469
172 7.898 0.154 7.056 0.008 0.687 7.469
173 7.898 0.155 7.056 0.008 0.687 7.468
174 7.898 0.155 7.056 0.008 0.687 7.468
175 7.898 0.154 7.056 0.008 0.687 7.468
176 7.898 0.154 7.056 0.008 0.687 7.469
177 7.898 0.154 7.056 0.008 0.687 7.469
178 7.898 0.154 7.056 0.008 0.687 7.468
179 7.898 0.155 7.056 0.008 0.687 7.468
180 7.898 0.155 7.056 0.008 0.687 7.468
181 7.898 0.155 7.056 0.008 0.687 7.468
182 7.898 0.154 7.056 0.008 0.687 7.468
183 7.898 0.154 7.056 0.008 0.687 7.468
184 7.898 0.155 7.056 0.008 0.687 7.468
185 7.898 0.154 7.056 0.008 0.687 7.468
186 7.898 0.154 7.056 0.008 0.687 7.469
187 7.898 0.154 7.056 0.008 0.687 7.468
188 7.898 0.154 7.056 0.008 0.687 7.468
189 7.898 0.155 7.056 0.008 0.687 7.468
190 7.898 0.154 7.056 0.008 0.687 7.468
191 7.898 0.155 7.055 0.008 0.687 7.468
192 7.898 0.155 7.055 0.008 0.687 7.467
193 7.898 0.155 7.056 0.008 0.687 7.468
194 7.898 0.155 7.056 0.008 0.687 7.468
195 7.898 0.154 7.056 0.008 0.687 7.469
196 7.898 0.154 7.056 0.008 0.687 7.469
197 7.898 0.154 7.056 0.008 0.687 7.468
198 7.898 0.154 7.057 0.008 0.687 7.469
199 7.898 0.154 7.056 0.008 0.687 7.469
201 7.898 0.154 7.056 0.008 0.687 7.469
202 7.898 0.154 7.056 0.008 0.687 7.468
203 7.898 0.155 7.055 0.008 0.687 7.468
204 7.898 0.155 7.056 0.008 0.687 7.468
205 7.898 0.154 7.056 0.008 0.687 7.468
206 7.898 0.154 7.056 0.008 0.687 7.468
207 7.898 0.154 7.057 0.008 0.687 7.469
208 7.898 0.154 7.056 0.008 0.687 7.469
209 7.898 0.154 7.056 0.008 0.687 7.468
210 7.898 0.154 7.056 0.008 0.687 7.468
211 7.898 0.155 7.056 0.008 0.687 7.468
212 7.898 0.154 7.056 0.008 0.687 7.468
213 7.898 0.154 7.056 0.008 0.687 7.468
214 7.898 0.154 7.057 0.008 0.687 7.469
215 7.898 0.153 7.057 0.008 0.687 7.47
216 7.898 0.153 7.058 0.008 0.687 7.47
217 7.898 0.153 7.058 0.008 0.687 7.47
218 7.898 0.153 7.057 0.008 0.687 7.47
219 7.898 0.153 7.057 0.008 0.687 7.47
220 7.898 0.153 7.057 0.008 0.687 7.47
221 7.898 0.153 7.057 0.008 0.687 7.469
222 7.898 0.154 7.057 0.008 0.687 7.469
223 7.898 0.153 7.057 0.008 0.687 7.469
224 7.898 0.154 7.057 0.008 0.687 7.469
225 7.898 0.153 7.057 0.008 0.687 7.47
226 7.898 0.153 7.057 0.008 0.687 7.47
227 7.898 0.153 7.057 0.008 0.687 7.469
229 7.898 0.154 7.057 0.008 0.687 7.469
230 7.898 0.154 7.057 0.008 0.687 7.469
231 7.898 0.154 7.057 0.008 0.687 7.469
232 7.898 0.153 7.057 0.008 0.687 7.469
233 7.898 0.154 7.057 0.008 0.687 7.469
234 7.898 0.154 7.057 0.008 0.687 7.469
235 7.898 0.153 7.057 0.008 0.687 7.469
236 7.898 0.153 7.057 0.008 0.687 7.469
237 7.898 0.153 7.058 0.008 0.687 7.47
238 7.898 0.153 7.057 0.008 0.687 7.469
239 7.898 0.153 7.057 0.008 0.687 7.469
240 7.898 0.153 7.057 0.008 0.687 7.469
241 7.898 0.153 7.058 0.008 0.687 7.47
242 7.898 0.153 7.057 0.008 0.687 7.47
243 7.898 0.153 7.058 0.008 0.687 7.47
244 7.898 0.153 7.057 0.008 0.687 7.47
245 7.898 0.154 7.057 0.008 0.687 7.469
246 7.898 0.154 7.056 0.008 0.687 7.469
247 7.898 0.154 7.057 0.008 0.687 7.469
248 7.898 0.154 7.057 0.008 0.687 7.469
249 7.898 0.154 7.057 0.008 0.687 7.469
250 7.898 0.153 7.057 0.008 0.687 7.469
251 7.898 0.154 7.057 0.008 0.687 7.469
252 7.898 0.153 7.057 0.008 0.687 7.469
253 7.898 0.153 7.057 0.008 0.687 7.469
254 7.898 0.153 7.058 0.008 0.687 7.47
255 7.898 0.153 7.057 0.008 0.687 7.469
257 7.898 0.153 7.057 0.008 0.687 7.469
258 7.898 0.153 7.057 0.008 0.687 7.469
259 7.898 0.153 7.058 0.008 0.687 7.47
260 7.898 0.153 7.058 0.008 0.687 7.47
261 7.898 0.153 7.057 0.008 0.687 7.469
262 7.898 0.154 7.057 0.008 0.687 7.469
263 7.898 0.154 7.056 0.008 0.687 7.468
264 7.898 0.153 7.057 0.008 0.687 7.469
265 7.898 0.154 7.057 0.008 0.687 7.469
266 7.898 0.154 7.057 0.008 0.687 7.469
267 7.898 0.154 7.056 0.008 0.687 7.469
268 7.898 0.154 7.057 0.008 0.687 7.469
269 7.898 0.153 7.057 0.008 0.687 7.47
270 7.898 0.153 7.057 0.008 0.687 7.47
271 7.898 0.153 7.057 0.008 0.687 7.469
272 7.898 0.153 7.057 0.008 0.687 7.469
273 7.898 0.153 7.057 0.008 0.687 7.469
274 7.898 0.153 7.057 0.008 0.687 7.469
275 7.898 0.153 7.057 0.008 0.687 7.47
276 7.898 0.154 7.057 0.008 0.687 7.469
277 7.898 0.154 7.056 0.008 0.687 7.468
278 7.898 0.154 7.056 0.008 0.687 7.468
279 7.898 0.154 7.056 0.008 0.687 7.468
280 7.898 0.154 7.056 0.008 0.687 7.469
281 7.898 0.154 7.057 0.008 0.687 7.469
282 7.898 0.154 7.057 0.008 0.687 7.469
283 7.898 0.155 7.056 0.008 0.687 7.468
285 7.898 0.154 7.056 0.008 0.687 7.468
286 7.898 0.153 7.057 0.008 0.687 7.469
287 7.898 0.153 7.057 0.008 0.687 7.469
288 7.898 0.153 7.057 0.008 0.687 7.469
289 7.898 0.153 7.057 0.008 0.687 7.47
290 7.898 0.153 7.058 0.008 0.687 7.47
291 7.898 0.154 7.056 0.008 0.687 7.469
292 7.898 0.154 7.056 0.008 0.687 7.468
293 7.898 0.154 7.056 0.008 0.687 7.469
294 7.898 0.153 7.057 0.008 0.687 7.47
295 7.898 0.153 7.057 0.008 0.687 7.469
296 7.898 0.154 7.057 0.008 0.687 7.469
297 7.898 0.154 7.056 0.008 0.687 7.468
298 7.898 0.154 7.056 0.008 0.687 7.468
299 7.898 0.154 7.056 0.008 0.687 7.468
300 7.898 0.154 7.056 0.008 0.687 7.468
301 7.898 0.155 7.056 0.008 0.687 7.468
302 7.898 0.153 7.057 0.008 0.687 7.469
303 7.898 0.154 7.057 0.008 0.687 7.469
304 7.898 0.154 7.057 0.008 0.687 7.469
305 7.898 0.153 7.057 0.008 0.687 7.469
306 7.898 0.154 7.056 0.008 0.687 7.468
307 7.898 0.154 7.057 0.008 0.687 7.469
308 7.898 0.153 7.057 0.008 0.687 7.469
309 7.898 0.154 7.056 0.008 0.687 7.469
311 7.898 0.153 7.057 0.008 0.687 7.469
312 7.898 0.154 7.057 0.008 0.687 7.469
313 7.898 0.154 7.056 0.008 0.687 7.468
314 7.898 0.153 7.057 0.008 0.687 7.469
315 7.898 0.153 7.058 0.008 0.687 7.47
316 7.898 0.153 7.057 0.008 0.687 7.469
317 7.898 0.154 7.056 0.008 0.687 7.469
318 7.898 0.154 7.056 0.008 0.687 7.469
319 7.898 0.154 7.057 0.008 0.687 7.469
320 7.898 0.154 7.056 0.008 0.687 7.469
321 7.898 0.154 7.056 0.008 0.687 7.468
322 7.898 0.154 7.057 0.008 0.687 7.469
323 7.898 0.153 7.057 0.008 0.687 7.47
324 7.898 0.153 7.057 0.008 0.687 7.469
325 7.898 0.153 7.057 0.008 0.687 7.469
326 7.898 0.154 7.056 0.008 0.687 7.469
327 7.898 0.153 7.057 0.008 0.687 7.469
328 7.898 0.153 7.057 0.008 0.687 7.469
329 7.898 0.153 7.057 0.008 0.687 7.469
330 7.898 0.153 7.057 0.008 0.687 7.469
331 7.898 0.154 7.057 0.008 0.687 7.469
332 7.898 0.153 7.057 0.008 0.687 7.469
333 7.898 0.153 7.057 0.008 0.687 7.469
334 7.898 0.154 7.056 0.008 0.687 7.469
335 7.898 0.154 7.056 0.008 0.687 7.468
336 7.898 0.154 7.056 0.008 0.687 7.468
338 7.898 0.155 7.056 0.008 0.687 7.468
339 7.898 0.154 7.056 0.008 0.687 7.468
340 7.898 0.154 7.057 0.008 0.687 7.469
341 7.898 0.155 7.056 0.008 0.687 7.468
342 7.898 0.154 7.056 0.008 0.687 7.469
343 7.898 0.154 7.056 0.008 0.687 7.468
344 7.898 0.154 7.056 0.008 0.687 7.468
345 7.898 0.154 7.056 0.008 0.687 7.468
346 7.898 0.154 7.056 0.008 0.687 7.469
347 7.898 0.154 7.056 0.008 0.687 7.468
348 7.898 0.154 7.057 0.008 0.687 7.469
349 7.898 0.153 7.057 0.008 0.687 7.469
350 7.898 0.154 7.056 0.008 0.687 7.468
351 7.898 0.154 7.056 0.008 0.687 7.468
352 7.898 0.154 7.056 0.008 0.687 7.469
353 7.898 0.154 7.056 0.008 0.687 7.468
354 7.898 0.154 7.056 0.008 0.687 7.468
355 7.898 0.154 7.056 0.008 0.687 7.468
356 7.898 0.154 7.056 0.008 0.687 7.469
357 7.898 0.154 7.056 0.008 0.687 7.468
358 7.898 0.155 7.056 0.008 0.687 7.468
359 7.898 0.155 7.056 0.008 0.687 7.468
360 7.898 0.154 7.057 0.008 0.687 7.469
361 7.898 0.154 7.056 0.008 0.687 7.468
362 7.898 0.154 7.057 0.008 0.687 7.469
363 7.898 0.154 7.057 0.008 0.687 7.469
364 7.898 0.154 7.057 0.008 0.687 7.469
365 7.898 0.154 7.057 0.008 0.687 7.469
366 7.898 0.154 7.056 0.008 0.687 7.469
367 7.898 0.154 7.056 0.008 0.687 7.469
369 7.898 0.154 7.056 0.008 0.687 7.469
370 7.898 0.154 7.057 0.008 0.687 7.469
371 7.898 0.154 7.056 0.008 0.687 7.469
372 7.898 0.154 7.056 0.008 0.687 7.468
373 7.898 0.154 7.056 0.008 0.687 7.469
374 7.898 0.153 7.057 0.008 0.687 7.469
375 7.898 0.154 7.057 0.008 0.687 7.469
376 7.898 0.154 7.057 0.008 0.687 7.469
377 7.898 0.154 7.057 0.008 0.687 7.469
378 7.898 0.154 7.056 0.008 0.687 7.469
379 7.898 0.154 7.056 0.008 0.687 7.468
380 7.898 0.154 7.057 0.008 0.687 7.469
381 7.898 0.154 7.056 0.008 0.687 7.468
382 7.898 0.154 7.056 0.008 0.687 7.468
383 7.898 0.154 7.056 0.008 0.687 7.469
384 7.898 0.154 7.056 0.008 0.687 7.468
385 7.898 0.154 7.056 0.008 0.687 7.468
386 7.898 0.155 7.055 0.008 0.687 7.467
387 7.898 0.154 7.057 0.008 0.687 7.469
388 7.898 0.154 7.057 0.008 0.687 7.469
389 7.898 0.154 7.056 0.008 0.687 7.469
390 7.898 0.154 7.056 0.008 0.687 7.468
391 7.898 0.154 7.057 0.008 0.687 7.469
392 7.898 0.154 7.056 0.008 0.687 7.469
393 7.898 0.154 7.056 0.008 0.687 7.469
394 7.898 0.155 7.056 0.008 0.687 7.468
395 7.898 0.154 7.056 0.008 0.687 7.468
396 7.898 0.154 7.056 0.008 0.687 7.468
397 7.898 0.155 7.056 0.008 0.687 7.468
399 7.898 0.154 7.056 0.008 0.687 7.468
400 7.898 0.154 7.056 0.008 0.687 7.469
401 7.898 0.155 7.056 0.008 0.687 7.468
402 7.898 0.155 7.056 0.008 0.687 7.468
403 7.898 0.154 7.056 0.008 0.687 7.468
404 7.898 0.154 7.056 0.008 0.687 7.468
405 7.898 0.155 7.056 0.008 0.687 7.468
406 7.898 0.154 7.056 0.008 0.687 7.468
407 7.898 0.154 7.056 0.008 0.687 7.468
408 7.898 0.155 7.056 0.008 0.687 7.468
409 7.898 0.154 7.056 0.008 0.687 7.468
410 7.898 0.154 7.056 0.008 0.687 7.468
411 7.898 0.155 7.056 0.008 0.687 7.468
412 7.898 0.155 7.056 0.008 0.687 7.468
413 7.898 0.154 7.056 0.008 0.687 7.468
414 7.898 0.154 7.057 0.008 0.687 7.469
415 7.898 0.153 7.057 0.008 0.687 7.469
416 7.898 0.154 7.056 0.008 0.687 7.468
417 7.898 0.154 7.056 0.008 0.687 7.469
418 7.898 0.154 7.056 0.008 0.687 7.468
419 7.898 0.155 7.056 0.008 0.687 7.468
420 7.898 0.154 7.056 0.008 0.687 7.469
421 7.898 0.154 7.056 0.008 0.687 7.468
422 7.898 0.154 7.056 0.008 0.687 7.469
423 7.898 0.154 7.056 0.008 0.687 7.468
424 7.898 0.154 7.056 0.008 0.687 7.468
425 7.898 0.154 7.056 0.008 0.687 7.468
426 7.898 0.154 7.056 0.008 0.687 7.469
427 7.898 0.154 7.056 0.008 0.687 7.468
429 7.898 0.155 7.056 0.008 0.687 7.468
430 7.898 0.154 7.056 0.008 0.687 7.469
431 7.898 0.154 7.057 0.008 0.687 7.469
432 7.898 0.153 7.057 0.008 0.687 7.47
433 7.898 0.153 7.057 0.008 0.687 7.469
434 7.898 0.154 7.057 0.008 0.687 7.469
435 7.898 0.154 7.056 0.008 0.687 7.468
436 7.898 0.154 7.056 0.008 0.687 7.469
437 7.898 0.153 7.057 0.008 0.687 7.469
438 7.898 0.154 7.056 0.008 0.687 7.469
439 7.898 0.154 7.057 0.008 0.687 7.469
440 7.898 0.154 7.056 0.008 0.687 7.468
441 7.898 0.154 7.056 0.008 0.687 7.468
442 7.898 0.155 7.056 0.008 0.687 7.468
443 7.898 0.154 7.056 0.008 0.687 7.468
444 7.898 0.155 7.056 0.008 0.687 7.468
445 7.898 0.154 7.056 0.008 0.687 7.468
446 7.898 0.154 7.056 0.008 0.687 7.468
447 7.898 0.154 7.056 0.008 0.687 7.468
448 7.898 0.155 7.056 0.008 0.687 7.468
449 7.898 0.154 7.056 0.008 0.687 7.468
450 7.898 0.154 7.056 0.008 0.687 7.468
451 7.898 0.155 7.056 0.008 0.687 7.468
452 7.898 0.154 7.056 0.008 0.687 7.468
453 7.898 0.154 7.056 0.008 0.687 7.468
454 7.898 0.154 7.056 0.008 0.687 7.469
455 7.898 0.154 7.056 0.008 0.687 7.468
456 7.898 0.154 7.057 0.008 0.687 7.469
457 7.898 0.154 7.057 0.008 0.687 7.469
458 7.898 0.154 7.057 0.008 0.687 7.469
460 7.898 0.154 7.056 0.008 0.687 7.468
461 7.898 0.154 7.056 0.008 0.687 7.469
462 7.898 0.154 7.056 0.008 0.687 7.469
463 7.898 0.155 7.056 0.008 0.687 7.468
464 7.898 0.154 7.056 0.008 0.687 7.468
465 7.898 0.154 7.056 0.008 0.687 7.468
466 7.898 0.154 7.056 0.008 0.687 7.468
467 7.898 0.154 7.056 0.008 0.687 7.468
468 7.898 0.155 7.056 0.008 0.687 7.468
469 7.898 0.155 7.056 0.008 0.687 7.468
470 7.898 0.154 7.056 0.008 0.687 7.468
471 7.898 0.155 7.056 0.008 0.687 7.468
472 7.898 0.155 7.055 0.008 0.687 7.468
473 7.898 0.155 7.056 0.008 0.687 7.468
474 7.898 0.154 7.056 0.008 0.687 7.469
475 7.898 0.153 7.057 0.008 0.687 7.469
476 7.898 0.154 7.057 0.008 0.687 7.469
477 7.898 0.154 7.056 0.008 0.687 7.469
478 7.898 0.154 7.056 0.008 0.687 7.468
479 7.898 0.155 7.056 0.008 0.687 7.468
480 7.898 0.155 7.056 0.008 0.687 7.468
481 7.898 0.155 7.056 0.008 0.687 7.468
482 7.898 0.154 7.056 0.008 0.687 7.468
483 7.898 0.154 7.057 0.008 0.687 7.469
484 7.898 0.154 7.056 0.008 0.687 7.468
485 7.898 0.155 7.056 0.008 0.687 7.468
486 7.898 0.154 7.056 0.008 0.687 7.469
487 7.898 0.154 7.056 0.008 0.687 7.468
488 7.898 0.154 7.056 0.008 0.687 7.469
490 7.898 0.154 7.056 0.008 0.687 7.468
491 7.898 0.154 7.056 0.008 0.687 7.468
492 7.898 0.155 7.056 0.008 0.687 7.468
493 7.898 0.155 7.056 0.008 0.687 7.468
494 7.898 0.155 7.056 0.008 0.687 7.468
495 7.898 0.155 7.056 0.008 0.687 7.468
496 7.898 0.155 7.056 0.008 0.687 7.468
497 7.898 0.154 7.056 0.008 0.687 7.468
498 7.898 0.154 7.056 0.008 0.687 7.468
499 7.898 0.155 7.055 0.008 0.687 7.468
500 7.898 0.154 7.056 0.008 0.687 7.468
501 7.898 0.154 7.056 0.008 0.687 7.468
502 7.898 0.155 7.056 0.008 0.687 7.468
503 7.898 0.155 7.056 0.008 0.687 7.468
504 7.898 0.154 7.056 0.008 0.687 7.468
505 7.898 0.154 7.056 0.008 0.687 7.469
506 7.898 0.153 7.057 0.008 0.687 7.469
507 7.898 0.154 7.056 0.008 0.687 7.469
508 7.898 0.154 7.057 0.008 0.687 7.469
509 7.898 0.154 7.056 0.008 0.687 7.468
510 7.898 0.155 7.055 0.008 0.687 7.468
511 7.898 0.154 7.056 0.008 0.687 7.469
512 7.898 0.154 7.056 0.008 0.687 7.468
513 7.898 0.155 7.056 0.008 0.687 7.468
514 7.898 0.154 7.057 0.008 0.687 7.469
515 7.898 0.154 7.056 0.008 0.687 7.468
516 7.898 0.154 7.057 0.008 0.687 7.469
517 7.898 0.154 7.057 0.008 0.687 7.469
518 7.898 0.154 7.056 0.008 0.687 7.469
520 7.898 0.154 7.056 0.008 0.687 7.468
521 7.898 0.154 7.056 0.008 0.687 7.469
522 7.898 0.155 7.056 0.008 0.687 7.468
523 7.898 0.154 7.056 0.008 0.687 7.468
524 7.898 0.155 7.056 0.008 0.687 7.468
525 7.898 0.154 7.056 0.008 0.687 7.468
526 7.898 0.154 7.056 0.008 0.687 7.469
527 7.898 0.154 7.057 0.008 0.687 7.469
528 7.898 0.154 7.057 0.008 0.687 7.469
529 7.898 0.153 7.057 0.008 0.687 7.469
530 7.898 0.154 7.056 0.008 0.687 7.469
531 7.898 0.154 7.056 0.008 0.687 7.469
532 7.898 0.154 7.056 0.008 0.687 7.469
533 7.898 0.154 7.057 0.008 0.687 7.469
534 7.898 0.153 7.057 0.008 0.687 7.469
535 7.898 0.154 7.056 0.008 0.687 7.468
536 7.898 0.154 7.056 0.008 0.687 7.469
537 7.898 0.154 7.056 0.008 0.687 7.468
538 7.898 0.154 7.056 0.008 0.687 7.468
539 7.898 0.154 7.057 0.008 0.687 7.469
540 7.898 0.154 7.057 0.008 0.687 7.469
541 7.898 0.154 7.057 0.008 0.687 7.469
542 7.898 0.154 7.056 0.008 0.687 7.468
543 7.898 0.154 7.056 0.008 0.687 7.469
544 7.898 0.154 7.056 0.008 0.687 7.469
545 7.898 0.154 7.056 0.008 0.687 7.468
546 7.898 0.154 7.056 0.008 0.687 7.468
547 7.898 0.154 7.056 0.008 0.687 7.468
548 7.898 0.154 7.056 0.008 0.687 7.468
550 7.898 0.154 7.056 0.008 0.687 7.468
551 7.898 0.154 7.056 0.008 0.687 7.468
552 7.898 0.154 7.056 0.008 0.687 7.468
553 7.898 0.154 7.056 0.008 0.687 7.468
554 7.898 0.154 7.056 0.008 0.687 7.468
555 7.898 0.155 7.056 0.008 0.687 7.468
556 7.898 0.154 7.056 0.008 0.687 7.468
557 7.898 0.154 7.056 0.008 0.687 7.468
558 7.898 0.154 7.056 0.008 0.687 7.468
559 7.898 0.154 7.056 0.008 0.687 7.468
560 7.898 0.154 7.056 0.008 0.687 7.468
561 7.898 0.155 7.056 0.008 0.687 7.468
562 7.898 0.154 7.056 0.008 0.687 7.468
563 7.898 0.155 7.056 0.008 0.687 7.468
564 7.898 0.155 7.056 0.008 0.687 7.468
565 7.898 0.154 7.056 0.008 0.687 7.468
566 7.898 0.154 7.057 0.008 0.687 7.469
567 7.898 0.154 7.056 0.008 0.687 7.468
568 7.898 0.154 7.056 0.008 0.687 7.468
569 7.898 0.154 7.056 0.008 0.687 7.468
570 7.898 0.154 7.056 0.008 0.687 7.468
571 7.898 0.154 7.056 0.008 0.687 7.468
572 7.898 0.153 7.057 0.008 0.687 7.469
573 7.898 0.153 7.057 0.008 0.687 7.469
574 7.898 0.153 7.058 0.008 0.687 7.47
575 7.898 0.153 7.057 0.008 0.687 7.469
576 7.898 0.154 7.057 0.008 0.687 7.469
577 7.898 0.154 7.056 0.008 0.687 7.468
579 7.898 0.154 7.057 0.008 0.687 7.469
580 7.898 0.154 7.056 0.008 0.687 7.468
581 7.898 0.154 7.056 0.008 0.687 7.469
582 7.898 0.154 7.056 0.008 0.687 7.468
583 7.898 0.154 7.056 0.008 0.687 7.468
584 7.898 0.154 7.056 0.008 0.687 7.469
585 7.898 0.154 7.057 0.008 0.687 7.469
586 7.898 0.153 7.057 0.008 0.687 7.469
587 7.898 0.153 7.057 0.008 0.687 7.47
588 7.898 0.153 7.057 0.008 0.687 7.469
589 7.898 0.153 7.057 0.008 0.687 7.469
590 7.898 0.154 7.056 0.008 0.687 7.469
591 7.898 0.154 7.057 0.008 0.687 7.469
592 7.898 0.154 7.056 0.008 0.687 7.468
593 7.898 0.154 7.057 0.008 0.687 7.469
594 7.898 0.153 7.057 0.008 0.687 7.47
595 7.898 0.153 7.057 0.008 0.687 7.469
596 7.898 0.153 7.057 0.008 0.687 7.469
597 7.898 0.154 7.056 0.008 0.687 7.469
598 7.898 0.154 7.057 0.008 0.687 7.469
599 7.898 0.154 7.056 0.008 0.687 7.469
600 7.898 0.154 7.056 0.008 0.687 7.468
601 7.898 0.154 7.056 0.008 0.687 7.468
602 7.898 0.154 7.056 0.008 0.687 7.468
603 7.898 0.154 7.056 0.008 0.687 7.469
604 7.898 0.154 7.056 0.008 0.687 7.468
605 7.898 0.154 7.056 0.008 0.687 7.468
607 7.898 0.155 7.056 0.008 0.687 7.468
608 7.898 0.154 7.056 0.008 0.687 7.469
609 7.898 0.155 7.056 0.008 0.687 7.468
610 7.898 0.155 7.056 0.008 0.687 7.468
611 7.898 0.154 7.056 0.008 0.687 7.468
612 7.898 0.154 7.056 0.008 0.687 7.468
613 7.898 0.154 7.056 0.008 0.687 7.468
614 7.898 0.155 7.056 0.008 0.687 7.468
615 7.898 0.154 7.056 0.008 0.687 7.468
616 7.898 0.154 7.056 0.008 0.687 7.469
617 7.898 0.154 7.056 0.008 0.687 7.469
618 7.898 0.154 7.056 0.008 0.687 7.469
619 7.898 0.154 7.057 0.008 0.687 7.469
620 7.898 0.154 7.056 0.008 0.687 7.468
621 7.898 0.155 7.056 0.008 0.687 7.468
622 7.898 0.154 7.056 0.008 0.687 7.468
623 7.898 0.154 7.056 0.008 0.687 7.468
624 7.898 0.155 7.055 0.008 0.687 7.468
625 7.898 0.154 7.056 0.008 0.687 7.469
626 7.898 0.154 7.056 0.008 0.687 7.468
627 7.898 0.154 7.056 0.008 0.687 7.468
628 7.898 0.154 7.056 0.008 0.687 7.468
629 7.898 0.154 7.056 0.008 0.687 7.468
630 7.898 0.154 7.056 0.008 0.687 7.469
631 7.898 0.154 7.056 0.008 0.687 7.468
632 7.898 0.154 7.056 0.008 0.687 7.469
633 7.898 0.155 7.056 0.008 0.687 7.468
634 7.898 0.154 7.056 0.008 0.687 7.468
635 7.898 0.155 7.056 0.008 0.687 7.468
637 7.898 0.154 7.057 0.008 0.687 7.469
638 7.898 0.154 7.056 0.008 0.687 7.469
639 7.898 0.154 7.057 0.008 0.687 7.469
640 7.898 0.154 7.056 0.008 0.687 7.469
641 7.898 0.154 7.056 0.008 0.687 7.468
642 7.898 0.154 7.056 0.008 0.687 7.469
643 7.898 0.154 7.056 0.008 0.687 7.469
644 7.898 0.154 7.056 0.008 0.687 7.469
645 7.898 0.154 7.056 0.008 0.687 7.468
646 7.898 0.155 7.055 0.008 0.687 7.468
647 7.898 0.154 7.056 0.008 0.687 7.469
648 7.898 0.155 7.056 0.008 0.687 7.468
649 7.898 0.155 7.056 0.008 0.687 7.468
650 7.898 0.154 7.056 0.008 0.687 7.469
651 7.898 0.154 7.056 0.008 0.687 7.468
652 7.898 0.154 7.056 0.008 0.687 7.468
653 7.898 0.154 7.057 0.008 0.687 7.469
654 7.898 0.154 7.056 0.008 0.687 7.468
655 7.898 0.154 7.056 0.008 0.687 7.469
656 7.898 0.154 7.056 0.008 0.687 7.468
657 7.898 0.154 7.057 0.008 0.687 7.469
658 7.898 0.154 7.056 0.008 0.687 7.469
659 7.898 0.154 7.056 0.008 0.687 7.468
660 7.898 0.154 7.056 0.008 0.687 7.469
661 7.898 0.154 7.056 0.008 0.687 7.468
662 7.898 0.154 7.056 0.008 0.687 7.468
663 7.898 0.154 7.057 0.008 0.687 7.469
664 7.898 0.154 7.057 0.008 0.687 7.469
665 7.898 0.154 7.056 0.008 0.687 7.469
667 7.898 0.153 7.057 0.008 0.687 7.47
668 7.898 0.153 7.057 0.008 0.687 7.469
669 7.898 0.153 7.057 0.008 0.687 7.469
670 7.898 0.154 7.057 0.008 0.687 7.469
671 7.898 0.154 7.056 0.008 0.687 7.468
672 7.898 0.154 7.056 0.008 0.687 7.468
673 7.898 0.155 7.056 0.008 0.687 7.468
674 7.898 0.154 7.056 0.008 0.687 7.469
675 7.898 0.154 7.056 0.008 0.687 7.468
676 7.898 0.154 7.056 0.008 0.687 7.468
677 7.898 0.155 7.056 0.008 0.687 7.468
678 7.898 0.154 7.056 0.008 0.687 7.468
679 7.898 0.154 7.056 0.008 0.687 7.468
680 7.898 0.154 7.056 0.008 0.687 7.469
681 7.898 0.154 7.056 0.008 0.687 7.469
682 7.898 0.154 7.057 0.008 0.687 7.469
683 7.898 0.154 7.057 0.008 0.687 7.469
684 7.898 0.154 7.057 0.008 0.687 7.469
685 7.898 0.154 7.056 0.008 0.687 7.468
686 7.898 0.154 7.056 0.008 0.687 7.468
687 7.898 0.155 7.056 0.008 0.687 7.468
688 7.898 0.154 7.057 0.008 0.687 7.469
689 7.898 0.154 7.056 0.008 0.687 7.468
690 7.898 0.155 7.056 0.008 0.687 7.468
691 7.898 0.154 7.056 0.008 0.687 7.468
692 7.898 0.153 7.057 0.008 0.687 7.469
693 7.898 0.153 7.058 0.008 0.687 7.47
694 7.898 0.153 7.057 0.008 0.687 7.469
695 7.898 0.153 7.057 0.008 0.687 7.469
697 7.898 0.154 7.057 0.008 0.687 7.469
698 7.898 0.154 7.057 0.008 0.687 7.469
699 7.898 0.154 7.056 0.008 0.687 7.469
700 7.898 0.154 7.056 0.008 0.687 7.468
701 7.898 0.154 7.056 0.008 0.687 7.469
702 7.898 0.154 7.056 0.008 0.687 7.469
703 7.898 0.155 7.056 0.008 0.687 7.468
704 7.898 0.154 7.056 0.008 0.687 7.468
705 7.898 0.154 7.056 0.008 0.687 7.468
706 7.898 0.154 7.056 0.008 0.687 7.468
707 7.898 0.155 7.055 0.008 0.687 7.468
708 7.898 0.155 7.056 0.008 0.687 7.468
709 7.898 0.155 7.056 0.008 0.687 7.468
710 7.898 0.154 7.057 0.008 0.687 7.469
711 7.898 0.153 7.057 0.008 0.687 7.469
712 7.898 0.154 7.057 0.008 0.687 7.469
713 7.898 0.153 7.057 0.008 0.687 7.469
714 7.898 0.153 7.057 0.008 0.687 7.47
715 7.898 0.153 7.057 0.008 0.687 7.469
716 7.898 0.155 7.056 0.008 0.687 7.468
717 7.898 0.154 7.056 0.008 0.687 7.468
718 7.898 0.154 7.056 0.008 0.687 7.468
719 7.898 0.154 7.056 0.008 0.687 7.469
720 7.898 0.154 7.056 0.008 0.687 7.469
721 7.898 0.154 7.057 0.008 0.687 7.469
722 7.898 0.154 7.057 0.008 0.687 7.469
723 7.898 0.154 7.057 0.008 0.687 7.469
724 7.898 0.154 7.057 0.008 0.687 7.469
725 7.898 0.154 7.056 0.008 0.687 7.468
726 7.898 0.154 7.057 0.008 0.687 7.469
728 7.898 0.154 7.056 0.008 0.687 7.469
729 7.898 0.155 7.056 0.008 0.687 7.468
730 7.898 0.155 7.056 0.008 0.687 7.468
731 7.898 0.154 7.056 0.008 0.687 7.468
732 7.898 0.155 7.056 0.008 0.687 7.468
733 7.898 0.154 7.057 0.008 0.687 7.469
734 7.898 0.154 7.057 0.008 0.687 7.469
735 7.898 0.154 7.057 0.008 0.687 7.469
736 7.898 0.154 7.056 0.008 0.687 7.468
737 7.898 0.153 7.057 0.008 0.687 7.469
738 7.898 0.153 7.057 0.008 0.687 7.469
739 7.898 0.154 7.056 0.008 0.687 7.469
740 7.898 0.154 7.057 0.008 0.687 7.469
741 7.898 0.154 7.056 0.008 0.687 7.469
742 7.898 0.154 7.057 0.008 0.687 7.469
743 7.898 0.153 7.057 0.008 0.687 7.469
744 7.898 0.154 7.056 0.008 0.687 7.469
745 7.898 0.154 7.056 0.008 0.687 7.468
746 7.898 0.154 7.056 0.008 0.687 7.468
747 7.898 0.154 7.057 0.008 0.687 7.469
748 7.898 0.154 7.057 0.008 0.687 7.469
749 7.898 0.154 7.056 0.008 0.687 7.469
750 7.898 0.154 7.056 0.008 0.687 7.469
751 7.898 0.155 7.056 0.008 0.687 7.468
752 7.898 0.154 7.056 0.008 0.687 7.468
753 7.898 0.154 7.056 0.008 0.687 7.468
754 7.898 0.154 7.056 0.008 0.687 7.468
756 7.898 0.154 7.056 0.008 0.687 7.468
757 7.898 0.155 7.056 0.008 0.687 7.468
758 7.898 0.154 7.056 0.008 0.687 7.468
759 7.898 0.154 7.056 0.008 0.687 7.468
760 7.898 0.154 7.057 0.008 0.687 7.469
761 7.898 0.154 7.056 0.008 0.687 7.468
762 7.898 0.154 7.057 0.008 0.687 7.469
763 7.898 0.153 7.057 0.008 0.687 7.47
764 7.898 0.154 7.057 0.008 0.687 7.469
765 7.898 0.154 7.056 0.008 0.687 7.468
766 7.898 0.154 7.056 0.008 0.687 7.469
767 7.898 0.154 7.057 0.008 0.687 7.469
768 7.898 0.153 7.057 0.008 0.687 7.469
769 7.898 0.153 7.057 0.008 0.687 7.47
770 7.898 0.153 7.058 0.008 0.687 7.47
771 7.898 0.153 7.058 0.008 0.687 7.47
772 7.898 0.153 7.057 0.008 0.687 7.469
773 7.898 0.154 7.057 0.008 0.687 7.469
774 7.898 0.154 7.056 0.008 0.687 7.469
775 7.898 0.154 7.057 0.008 0.687 7.469
776 7.898 0.154 7.057 0.008 0.687 7.469
777 7.898 0.153 7.057 0.008 0.687 7.47
778 7.898 0.153 7.057 0.008 0.687 7.469
779 7.898 0.153 7.057 0.008 0.687 7.469
780 7.898 0.153 7.058 0.008 0.687 7.47
781 7.898 0.153 7.057 0.008 0.687 7.469
782 7.898 0.153 7.057 0.008 0.687 7.469
784 7.898 0.154 7.057 0.008 0.687 7.469
785 7.898 0.154 7.057 0.008 0.687 7.469
786 7.898 0.154 7.056 0.008 0.687 7.469
787 7.898 0.154 7.056 0.008 0.687 7.468
788 7.898 0.155 7.056 0.008 0.687 7.468
789 7.898 0.154 7.056 0.008 0.687 7.468
790 7.898 0.155 7.055 0.008 0.687 7.467
791 7.898 0.154 7.056 0.008 0.687 7.468
792 7.898 0.154 7.056 0.008 0.687 7.468
793 7.898 0.154 7.056 0.008 0.687 7.469
794 7.898 0.155 7.056 0.008 0.687 7.468
795 7.898 0.154 7.056 0.008 0.687 7.468
796 7.898 0.154 7.056 0.008 0.687 7.469
797 7.898 0.154 7.056 0.008 0.687 7.469
798 7.898 0.154 7.056 0.008 0.687 7.469
799 7.898 0.154 7.056 0.008 0.687 7.469
800 7.898 0.154 7.057 0.008 0.687 7.469
801 7.898 0.154 7.057 0.008 0.687 7.469
802 7.898 0.154 7.057 0.008 0.687 7.469
803 7.898 0.154 7.057 0.008 0.687 7.469
804 7.898 0.154 7.056 0.008 0.687 7.468
805 7.898 0.154 7.056 0.008 0.687 7.468
806 7.898 0.154 7.056 0.008 0.687 7.469
807 7.898 0.154 7.056 0.008 0.687 7.469
808 7.898 0.154 7.056 0.008 0.687 7.469
809 7.898 0.154 7.056 0.008 0.687 7.468
810 7.898 0.154 7.057 0.008 0.687 7.469
812 7.898 0.154 7.056 0.008 0.687 7.468
813 7.898 0.154 7.056 0.008 0.687 7.469
814 7.898 0.154 7.057 0.008 0.687 7.469
815 7.898 0.154 7.056 0.008 0.687 7.469
816 7.898 0.154 7.057 0.008 0.687 7.469
817 7.898 0.153 7.057 0.008 0.687 7.469
818 7.898 0.154 7.056 0.008 0.687 7.468
819 7.898 0.154 7.056 0.008 0.687 7.469
820 7.898 0.154 7.056 0.008 0.687 7.468
821 7.898 0.154 7.057 0.008 0.687 7.469
822 7.898 0.154 7.056 0.008 0.687 7.469
823 7.898 0.154 7.056 0.008 0.687 7.468
824 7.898 0.154 7.056 0.008 0.687 7.468
825 7.898 0.154 7.056 0.008 0.687 7.469
826 7.898 0.154 7.057 0.008 0.687 7.469
827 7.898 0.153 7.057 0.008 0.687 7.469
828 7.898 0.153 7.057 0.008 0.687 7.469
829 7.898 0.153 7.057 0.008 0.687 7.469
830 7.898 0.154 7.057 0.008 0.687 7.469
831 7.898 0.154 7.056 0.008 0.687 7.469
832 7.898 0.154 7.057 0.008 0.687 7.469
833 7.898 0.154 7.056 0.008 0.687 7.469
834 7.898 0.154 7.056 0.008 0.687 7.469
835 7.898 0.153 7.057 0.008 0.687 7.469
836 7.898 0.154 7.057 0.008 0.687 7.469
837 7.898 0.153 7.057 0.008 0.687 7.469
839 7.898 0.153 7.057 0.008 0.687 7.469
840 7.898 0.154 7.057 0.008 0.687 7.469
841 7.898 0.154 7.056 0.008 0.687 7.468
842 7.898 0.154 7.056 0.008 0.687 7.468
843 7.898 0.154 7.056 0.008 0.687 7.468
844 7.898 0.155 7.056 0.008 0.687 7.468
845 7.898 0.154 7.057 0.008 0.687 7.469
846 7.898 0.154 7.056 0.008 0.687 7.468
847 7.898 0.155 7.056 0.008 0.687 7.468
848 7.898 0.155 7.056 0.008 0.687 7.468
849 7.898 0.154 7.057 0.008 0.687 7.469
850 7.898 0.154 7.056 0.008 0.687 7.469
851 7.898 0.155 7.056 0.008 0.687 7.468
852 7.898 0.154 7.056 0.008 0.687 7.469
853 7.898 0.154 7.057 0.008 0.687 7.469
854 7.898 0.154 7.056 0.008 0.687 7.468
855 7.898 0.154 7.056 0.008 0.687 7.468
856 7.898 0.154 7.056 0.008 0.687 7.468
857 7.898 0.155 7.056 0.008 0.687 7.468
858 7.898 0.155 7.056 0.008 0.687 7.468
859 7.898 0.154 7.056 0.008 0.687 7.468
860 7.898 0.154 7.056 0.008 0.687 7.468
861 7.898 0.154 7.056 0.008 0.687 7.468
862 7.898 0.154 7.057 0.008 0.687 7.469
863 7.898 0.154 7.057 0.008 0.687 7.469
864 7.898 0.153 7.057 0.008 0.687 7.47
865 7.898 0.153 7.057 0.008 0.687 7.469
866 7.898 0.154 7.056 0.008 0.687 7.469
867 7.898 0.154 7.056 0.008 0.687 7.469
868 7.898 0.154 7.057 0.008 0.687 7.469
870 7.898 0.154 7.056 0.008 0.687 7.468
871 7.898 0.154 7.056 0.008 0.687 7.468
872 7.898 0.155 7.056 0.008 0.687 7.468
873 7.898 0.154 7.056 0.008 0.687 7.468
874 7.898 0.155 7.056 0.008 0.687 7.468
875 7.898 0.154 7.056 0.008 0.687 7.468
876 7.898 0.155 7.056 0.008 0.687 7.468
877 7.898 0.155 7.056 0.008 0.687 7.468
878 7.898 0.155 7.055 0.008 0.687 7.468
879 7.898 0.155 7.055 0.008 0.687 7.468
880 7.898 0.155 7.056 0.008 0.687 7.468
881 7.898 0.154 7.056 0.008 0.687 7.468
882 7.898 0.154 7.056 0.008 0.687 7.468
883 7.898 0.154 7.056 0.008 0.687 7.469
884 7.898 0.154 7.056 0.008 0.687 7.468
885 7.898 0.154 7.056 0.008 0.687 7.468
886 7.898 0.155 7.056 0.008 0.687 7.468
887 7.898 0.154 7.056 0.008 0.687 7.468
888 7.898 0.154 7.056 0.008 0.687 7.468
889 7.898 0.155 7.056 0.008 0.687 7.468
890 7.898 0.154 7.056 0.008 0.687 7.468
891 7.898 0.155 7.056 0.008 0.687 7.468
892 7.898 0.155 7.056 0.008 0.687 7.468
893 7.898 0.154 7.056 0.008 0.687 7.468
894 7.898 0.155 7.056 0.008 0.687 7.468
895 7.898 0.154 7.056 0.008 0.687 7.468
896 7.898 0.154 7.056 0.008 0.687 7.468
897 7.898 0.155 7.056 0.008 0.687 7.468
898 7.898 0.155 7.055 0.008 0.687 7.467
900 7.898 0.154 7.056 0.008 0.687 7.468
901 7.898 0.154 7.056 0.008 0.687 7.468
902 7.898 0.154 7.056 0.008 0.687 7.468
903 7.898 0.154 7.056 0.008 0.687 7.468
904 7.898 0.154 7.057 0.008 0.687 7.469
905 7.898 0.153 7.057 0.008 0.687 7.47
906 7.898 0.153 7.057 0.008 0.687 7.469
907 7.898 0.154 7.057 0.008 0.687 7.469
908 7.898 0.153 7.057 0.008 0.687 7.469
909 7.898 0.154 7.057 0.008 0.687 7.469
910 7.898 0.154 7.056 0.008 0.687 7.469
911 7.898 0.154 7.056 0.008 0.687 7.468
912 7.898 0.154 7.056 0.008 0.687 7.469
913 7.898 0.154 7.056 0.008 0.687 7.468
914 7.898 0.155 7.056 0.008 0.687 7.468
915 7.898 0.154 7.056 0.008 0.687 7.468
916 7.898 0.154 7.056 0.008 0.687 7.468
917 7.898 0.154 7.057 0.008 0.687 7.469
918 7.898 0.155 7.056 0.008 0.687 7.468
919 7.898 0.154 7.056 0.008 0.687 7.468
920 7.898 0.154 7.056 0.008 0.687 7.468
921 7.898 0.154 7.057 0.008 0.687 7.469
922 7.898 0.154 7.056 0.008 0.687 7.468
923 7.898 0.154 7.056 0.008 0.687 7.469
924 7.898 0.155 7.056 0.008 0.687 7.468
925 7.898 0.155 7.056 0.008 0.687 7.468
926 7.898 0.154 7.056 0.008 0.687 7.468
927 7.898 0.155 7.056 0.008 0.687 7.468
929 7.898 0.154 7.056 0.008 0.687 7.469
930 7.898 0.154 7.057 0.008 0.687 7.469
931 7.898 0.153 7.057 0.008 0.687 7.469
932 7.898 0.154 7.057 0.008 0.687 7.469
933 7.898 0.154 7.056 0.008 0.687 7.468
934 7.898 0.154 7.056 0.008 0.687 7.468
935 7.898 0.154 7.057 0.008 0.687 7.469
936 7.898 0.154 7.056 0.008 0.687 7.469
937 7.898 0.154 7.057 0.008 0.687 7.469
938 7.898 0.153 7.057 0.008 0.687 7.469
939 7.898 0.154 7.056 0.008 0.687 7.468
940 7.898 0.154 7.056 0.008 0.687 7.468
941 7.898 0.154 7.056 0.008 0.687 7.468
942 7.898 0.154 7.056 0.008 0.687 7.469
943 7.898 0.154 7.056 0.008 0.687 7.468
944 7.898 0.154 7.056 0.008 0.687 7.469
945 7.898 0.154 7.056 0.008 0.687 7.469
946 7.898 0.154 7.056 0.008 0.687 7.468
947 7.898 0.155 7.056 0.008 0.687 7.468
948 7.898 0.154 7.056 0.008 0.687 7.469
949 7.898 0.153 7.057 0.008 0.687 7.469
950 7.898 0.154 7.056 0.008 0.687 7.469
951 7.898 0.154 7.056 0.008 0.687 7.469
952 7.898 0.155 7.056 0.008 0.687 7.468
953 7.898 0.154 7.056 0.008 0.687 7.469
954 7.898 0.154 7.056 0.008 0.687 7.469
955 7.898 0.154 7.056 0.008 0.687 7.469
956 7.898 0.153 7.057 0.008 0.687 7.469
957 7.898 0.154 7.056 0.008 0.687 7.469
958 7.898 0.155 7.056 0.008 0.687 7.468
960 7.898 0.154 7.056 0.008 0.687 7.468
961 7.898 0.154 7.056 0.008 0.687 7.468
962 7.898 0.154 7.056 0.008 0.687 7.468
963 7.898 0.154 7.056 0.008 0.687 7.469
964 7.898 0.154 7.057 0.008 0.687 7.469
965 7.898 0.154 7.056 0.008 0.687 7.469
966 7.898 0.155 7.056 0.008 0.687 7.468
967 7.898 0.154 7.056 0.008 0.687 7.469
968 7.898 0.154 7.056 0.008 0.687 7.469
969 7.898 0.154 7.056 0.008 0.687 7.468
970 7.898 0.154 7.056 0.008 0.687 7.468
971 7.898 0.155 7.055 0.008 0.687 7.468
972 7.898 0.155 7.056 0.008 0.687 7.468
973 7.898 0.155 7.056 0.008 0.687 7.468
974 7.898 0.155 7.056 0.008 0.687 7.468
975 7.898 0.154 7.056 0.008 0.687 7.468
976 7.898 0.155 7.056 0.008 0.687 7.468
977 7.898 0.154 7.056 0.008 0.687 7.468
978 7.898 0.155 7.056 0.008 0.687 7.468
979 7.898 0.154 7.056 0.008 0.687 7.468
980 7.898 0.155 7.056 0.008 0.687 7.468
981 7.898 0.154 7.056 0.008 0.687 7.468
982 7.898 0.154 7.056 0.008 0.687 7.468
983 7.898 0.155 7.055 0.008 0.687 7.468
984 7.898 0.155 7.055 0.008 0.687 7.468
985 7.898 0.154 7.056 0.008 0.687 7.468
986 7.898 0.154 7.056 0.008 0.687 7.469
987 7.898 0.155 7.056 0.008 0.687 7.468
988 7.898 0.154 7.056 0.008 0.687 7.468
990 7.898 0.153 7.057 0.008 0.687 7.469
991 7.898 0.154 7.057 0.008 0.687 7.469
992 7.898 0.154 7.057 0.008 0.687 7.469
993 7.898 0.154 7.057 0.008 0.687 7.469
994 7.898 0.154 7.056 0.008 0.687 7.468
995 7.898 0.155 7.056 0.008 0.687 7.468
996 7.898 0.154 7.056 0.008 0.687 7.468
997 7.898 0.154 7.057 0.008 0.687 7.469
998 7.898 0.153 7.057 0.008 0.687 7.469
999 7.898 0.153 7.057 0.008 0.687 7.469
1000 7.898 0.153 7.057 0.008 0.687 7.469
1001 7.898 0.154 7.057 0.008 0.687 7.469
1002 7.898 0.154 7.056 0.008 0.687 7.469
1003 7.898 0.153 7.057 0.008 0.687 7.469
1004 7.898 0.154 7.057 0.008 0.687 7.469
1005 7.898 0.154 7.056 0.008 0.687 7.468
1006 7.898 0.154 7.056 0.008 0.687 7.469
1007 7.898 0.154 7.056 0.008 0.687 7.468
1008 7.898 0.154 7.056 0.008 0.687 7.468
1009 7.898 0.154 7.056 0.008 0.687 7.468
1010 7.898 0.154 7.056 0.008 0.687 7.468
1011 7.898 0.154 7.056 0.008 0.687 7.468
1012 7.898 0.154 7.057 0.008 0.687 7.469
1013 7.898 0.154 7.056 0.008 0.687 7.469
1014 7.898 0.154 7.056 0.008 0.687 7.469
1015 7.898 0.154 7.056 0.008 0.687 7.468
1016 7.898 0.154 7.056 0.008 0.687 7.468
1017 7.898 0.154 7.056 0.008 0.687 7.468
1018 7.898 0.154 7.056 0.008 0.687 7.468
1020 7.898 0.154 7.056 0.008 0.687 7.468
1021 7.898 0.155 7.055 0.008 0.687 7.468
1022 7.898 0.155 7.056 0.008 0.687 7.468
1023 7.898 0.155 7.056 0.008 0.687 7.468
1024 7.898 0.155 7.055 0.008 0.687 7.468
1025 7.898 0.154 7.056 0.008 0.687 7.469
1026 7.898 0.154 7.056 0.008 0.687 7.468
1027 7.898 0.155 7.056 0.008 0.687 7.468
1028 7.898 0.155 7.055 0.008 0.687 7.468
1029 7.898 0.154 7.056 0.008 0.687 7.468
1030 7.898 0.154 7.056 0.008 0.687 7.468
1031 7.898 0.154 7.056 0.008 0.687 7.468
1032 7.898 0.154 7.057 0.008 0.687 7.469
1033 7.898 0.154 7.056 0.008 0.687 7.469
1034 7.898 0.154 7.056 0.008 0.687 7.468
1035 7.898 0.154 7.057 0.008 0.687 7.469
1036 7.898 0.154 7.057 0.008 0.687 7.469
1037 7.898 0.154 7.057 0.008 0.687 7.469
1038 7.898 0.154 7.056 0.008 0.687 7.468
1039 7.898 0.154 7.056 0.008 0.687 7.469
1040 7.898 0.153 7.057 0.008 0.687 7.469
1041 7.898 0.154 7.057 0.008 0.687 7.469
1042 7.898 0.154 7.057 0.008 0.687 7.469
1043 7.898 0.153 7.057 0.008 0.687 7.469
1044 7.898 0.153 7.057 0.008 0.687 7.469
1045 7.898 0.154 7.057 0.008 0.687 7.469
1046 7.898 0.153 7.057 0.008 0.687 7.47
1047 7.898 0.154 7.057 0.008 0.687 7.469
1048 7.898 0.154 7.056 0.008 0.687 7.468
1050 7.898 0.153 7.057 0.008 0.687 7.469
1051 7.898 0.153 7.057 0.008 0.687 7.469
1052 7.898 0.153 7.057 0.008 0.687 7.469
1053 7.898 0.154 7.057 0.008 0.687 7.469
1054 7.898 0.153 7.057 0.008 0.687 7.469
1055 7.898 0.153 7.057 0.008 0.687 7.469
1056 7.898 0.154 7.057 0.008 0.687 7.469
1057 7.898 0.153 7.057 0.008 0.687 7.469
1058 7.898 0.153 7.057 0.008 0.687 7.47
1059 7.898 0.153 7.057 0.008 0.687 7.469
1060 7.898 0.154 7.056 0.008 0.687 7.469
1061 7.898 0.154 7.056 0.008 0.687 7.469
1062 7.898 0.155 7.056 0.008 0.687 7.468
1063 7.898 0.154 7.056 0.008 0.687 7.469
1064 7.898 0.154 7.056 0.008 0.687 7.469
1065 7.898 0.155 7.056 0.008 0.687 7.468
1066 7.898 0.154 7.056 0.008 0.687 7.468
1067 7.898 0.154 7.056 0.008 0.687 7.468
1068 7.898 0.154 7.056 0.008 0.687 7.468
1069 7.898 0.154 7.056 0.008 0.687 7.468
1070 7.898 0.155 7.056 0.008 0.687 7.468
1071 7.898 0.155 7.056 0.008 0.687 7.468
1072 7.898 0.155 7.056 0.008 0.687 7.468
1073 7.898 0.154 7.056 0.008 0.687 7.468
1074 7.898 0.155 7.056 0.008 0.687 7.468
1075 7.898 0.155 7.055 0.008 0.687 7.468
1076 7.898 0.155 7.056 0.008 0.687 7.468
1077 7.898 0.154 7.056 0.008 0.687 7.468
1079 7.898 0.154 7.056 0.008 0.687 7.468
1080 7.898 0.154 7.056 0.008 0.687 7.468
1081 7.898 0.155 7.056 0.008 0.687 7.468
1082 7.898 0.154 7.056 0.008 0.687 7.468
1083 7.898 0.155 7.056 0.008 0.687 7.468
1084 7.898 0.155 7.056 0.008 0.687 7.468
1085 7.898 0.155 7.055 0.008 0.687 7.468
1086 7.898 0.154 7.056 0.008 0.687 7.469
1087 7.898 0.154 7.057 0.008 0.687 7.469
1088 7.898 0.154 7.057 0.008 0.687 7.469
1089 7.898 0.154 7.056 0.008 0.687 7.468
1090 7.898 0.154 7.057 0.008 0.687 7.469
1091 7.898 0.153 7.057 0.008 0.687 7.469
1092 7.898 0.154 7.056 0.008 0.687 7.469
1093 7.898 0.154 7.056 0.008 0.687 7.469
1094 7.898 0.154 7.056 0.008 0.687 7.469
1095 7.898 0.154 7.056 0.008 0.687 7.468
1096 7.898 0.154 7.056 0.008 0.687 7.468
1097 7.898 0.155 7.056 0.008 0.687 7.468
1098 7.898 0.154 7.057 0.008 0.687 7.469
1099 7.898 0.154 7.056 0.008 0.687 7.469
1100 7.898 0.154 7.056 0.008 0.687 7.468
1101 7.898 0.155 7.055 0.008 0.687 7.468
1102 7.898 0.155 7.056 0.008 0.687 7.468
1103 7.898 0.155 7.056 0.008 0.687 7.468
1104 7.898 0.154 7.056 0.008 0.687 7.468
1105 7.898 0.154 7.056 0.008 0.687 7.468
1106 7.898 0.155 7.055 0.008 0.687 7.468
1107 7.898 0.155 7.056 0.008 0.687 7.468
1109 7.898 0.154 7.056 0.008 0.687 7.468
1110 7.898 0.154 7.056 0.008 0.687 7.468
1111 7.898 0.154 7.056 0.008 0.687 7.468
1112 7.898 0.154 7.057 0.008 0.687 7.469
1113 7.898 0.154 7.056 0.008 0.687 7.469
1114 7.898 0.154 7.056 0.008 0.687 7.468
1115 7.898 0.154 7.056 0.008 0.687 7.469
1116 7.898 0.154 7.056 0.008 0.687 7.468
1117 7.898 0.154 7.056 0.008 0.687 7.468
1118 7.898 0.155 7.056 0.008 0.687 7.468
1119 7.898 0.154 7.056 0.008 0.687 7.468
1120 7.898 0.154 7.056 0.008 0.687 7.468
1121 7.898 0.154 7.056 0.008 0.687 7.469
1122 7.898 0.154 7.056 0.008 0.687 7.469
1123 7.898 0.155 7.055 0.008 0.687 7.468
1124 7.898 0.155 7.056 0.008 0.687 7.468
1125 7.898 0.154 7.056 0.008 0.687 7.469
1126 7.898 0.155 7.056 0.008 0.687 7.468
1127 7.898 0.155 7.055 0.008 0.687 7.467
1128 7.898 0.155 7.056 0.008 0.687 7.468
1129 7.898 0.155 7.056 0.008 0.687 7.468
1130 7.898 0.154 7.056 0.008 0.687 7.469
1131 7.898 0.154 7.056 0.008 0.687 7.469
1132 7.898 0.153 7.057 0.008 0.687 7.469
1133 7.898 0.154 7.057 0.008 0.687 7.469
1134 7.898 0.154 7.057 0.008 0.687 7.469
1135 7.898 0.154 7.056 0.008 0.687 7.469
1136 7.898 0.154 7.056 0.008 0.687 7.469
1138 7.898 0.154 7.056 0.008 0.687 7.469
1139 7.898 0.153 7.057 0.008 0.687 7.469
1140 7.898 0.154 7.056 0.008 0.687 7.469
1141 7.898 0.154 7.056 0.008 0.687 7.468
1142 7.898 0.154 7.056 0.008 0.687 7.468
1143 7.898 0.154 7.057 0.008 0.687 7.469
1144 7.898 0.153 7.057 0.008 0.687 7.47
1145 7.898 0.153 7.057 0.008 0.687 7.469
1146 7.898 0.153 7.057 0.008 0.687 7.469
1147 7.898 0.154 7.056 0.008 0.687 7.469
1148 7.898 0.154 7.056 0.008 0.687 7.469
1149 7.898 0.154 7.056 0.008 0.687 7.469
1150 7.898 0.154 7.056 0.008 0.687 7.469
1151 7.898 0.154 7.056 0.008 0.687 7.469
1152 7.898 0.154 7.057 0.008 0.687 7.469
1153 7.898 0.154 7.056 0.008 0.687 7.468
1154 7.898 0.154 7.056 0.008 0.687 7.468
1155 7.898 0.154 7.056 0.008 0.687 7.468
1156 7.898 0.154 7.056 0.008 0.687 7.468
1157 7.898 0.154 7.056 0.008 0.687 7.468
1158 7.898 0.155 7.056 0.008 0.687 7.468
1159 7.898 0.154 7.057 0.008 0.687 7.469
1160 7.898 0.155 7.056 0.008 0.687 7.468
1161 7.898 0.154 7.056 0.008 0.687 7.469
1162 7.898 0.154 7.056 0.008 0.687 7.469
1163 7.898 0.154 7.056 0.008 0.687 7.469
1164 7.898 0.154 7.056 0.008 0.687 7.468
1166 7.898 0.153 7.057 0.008 0.687 7.469
1167 7.898 0.153 7.057 0.008 0.687 7.469
1168 7.898 0.153 7.058 0.008 0.687 7.47
1169 7.898 0.153 7.058 0.008 0.687 7.47
1170 7.898 0.153 7.057 0.008 0.687 7.469
1171 7.898 0.153 7.057 0.008 0.687 7.469
1172 7.898 0.153 7.057 0.008 0.687 7.469
1173 7.898 0.153 7.057 0.008 0.687 7.469
1174 7.898 0.154 7.057 0.008 0.687 7.469
1175 7.898 0.154 7.056 0.008 0.687 7.468
1176 7.898 0.154 7.056 0.008 0.687 7.469
1177 7.898 0.154 7.056 0.008 0.687 7.469
1178 7.898 0.153 7.057 0.008 0.687 7.469
1179 7.898 0.153 7.057 0.008 0.687 7.469
1180 7.898 0.153 7.057 0.008 0.687 7.469
1181 7.898 0.153 7.057 0.008 0.687 7.47
1182 7.898 0.154 7.057 0.008 0.687 7.469
1183 7.898 0.153 7.057 0.008 0.687 7.47
1184 7.898 0.153 7.057 0.008 0.687 7.469
1185 7.898 0.154 7.057 0.008 0.687 7.469
1186 7.898 0.154 7.056 0.008 0.687 7.468
1187 7.898 0.154 7.056 0.008 0.687 7.468
1188 7.898 0.154 7.057 0.008 0.687 7.469
1189 7.898 0.153 7.057 0.008 0.687 7.469
1190 7.898 0.154 7.057 0.008 0.687 7.469
1191 7.898 0.154 7.056 0.008 0.687 7.469
1192 7.898 0.154 7.056 0.008 0.687 7.468
1194 7.898 0.154 7.057 0.008 0.687 7.469
1195 7.898 0.153 7.057 0.008 0.687 7.47
1196 7.898 0.153 7.057 0.008 0.687 7.469
1197 7.898 0.154 7.056 0.008 0.687 7.469
1198 7.898 0.154 7.057 0.008 0.687 7.469
1199 7.898 0.154 7.056 0.008 0.687 7.468
1200 7.898 0.154 7.056 0.008 0.687 7.468
1201 7.898 0.154 7.056 0.008 0.687 7.469
1202 7.898 0.153 7.057 0.008 0.687 7.469
1203 7.898 0.154 7.056 0.008 0.687 7.469
1204 7.898 0.154 7.056 0.008 0.687 7.469
1205 7.898 0.154 7.056 0.008 0.687 7.468
1206 7.898 0.154 7.056 0.008 0.687 7.468
1207 7.898 0.154 7.056 0.008 0.687 7.468
1208 7.898 0.155 7.056 0.008 0.687 7.468
1209 7.898 0.154 7.057 0.008 0.687 7.469
1210 7.898 0.154 7.057 0.008 0.687 7.469
1211 7.898 0.154 7.056 0.008 0.687 7.468
1212 7.898 0.154 7.056 0.008 0.687 7.469
1213 7.898 0.154 7.056 0.008 0.687 7.469
1214 7.898 0.154 7.056 0.008 0.687 7.468
1215 7.898 0.154 7.056 0.008 0.687 7.468
1216 7.898 0.154 7.056 0.008 0.687 7.469
1217 7.898 0.153 7.057 0.008 0.687 7.469
1218 7.898 0.153 7.057 0.008 0.687 7.47
1219 7.898 0.153 7.057 0.008 0.687 7.47
1220 7.898 0.154 7.056 0.008 0.687 7.469
1221 7.898 0.154 7.056 0.008 0.687 7.469
1222 7.898 0.154 7.057 0.008 0.687 7.469
1224 7.898 0.153 7.057 0.008 0.687 7.469
1225 7.898 0.154 7.057 0.008 0.687 7.469
1226 7.898 0.154 7.056 0.008 0.687 7.468
1227 7.898 0.154 7.056 0.008 0.687 7.468
1228 7.898 0.155 7.056 0.008 0.687 7.468
1229 7.898 0.154 7.056 0.008 0.687 7.469
1230 7.898 0.154 7.056 0.008 0.687 7.468
1231 7.898 0.154 7.056 0.008 0.687 7.468
1232 7.898 0.154 7.057 0.008 0.687 7.469
1233 7.898 0.153 7.057 0.008 0.687 7.469
1234 7.898 0.154 7.057 0.008 0.687 7.469
1235 7.898 0.155 7.056 0.008 0.687 7.468
1236 7.898 0.154 7.056 0.008 0.687 7.468
1237 7.898 0.154 7.056 0.008 0.687 7.468
1238 7.898 0.155 7.055 0.008 0.687 7.468
1239 7.898 0.155 7.055 0.008 0.687 7.468
1240 7.898 0.155 7.055 0.008 0.687 7.468
1241 7.898 0.155 7.055 0.008 0.687 7.467
1242 7.898 0.154 7.056 0.008 0.687 7.468
1243 7.898 0.155 7.056 0.008 0.687 7.468
1244 7.898 0.154 7.056 0.008 0.687 7.468
1245 7.898 0.154 7.056 0.008 0.687 7.468
1246 7.898 0.155 7.055 0.008 0.687 7.468
1247 7.898 0.155 7.055 0.008 0.687 7.468
1248 7.898 0.154 7.056 0.008 0.687 7.468
1249 7.898 0.154 7.056 0.008 0.687 7.468
1250 7.898 0.155 7.055 0.008 0.687 7.468
1251 7.898 0.154 7.056 0.008 0.687 7.468
1252 7.898 0.155 7.056 0.008 0.687 7.468
1253 7.898 0.155 7.055 0.008 0.687 7.468
1255 7.898 0.154 7.056 0.008 0.687 7.469
1256 7.898 0.155 7.056 0.008 0.687 7.468
1257 7.898 0.155 7.055 0.008 0.687 7.468
1258 7.898 0.154 7.056 0.008 0.687 7.468
1259 7.898 0.154 7.056 0.008 0.687 7.469
1260 7.898 0.154 7.056 0.008 0.687 7.468
1261 7.898 0.154 7.056 0.008 0.687 7.469
1262 7.898 0.154 7.056 0.008 0.687 7.469
1263 7.898 0.154 7.056 0.008 0.687 7.468
1264 7.898 0.154 7.056 0.008 0.687 7.468
1265 7.898 0.154 7.056 0.008 0.687 7.468
1266 7.898 0.154 7.056 0.008 0.687 7.468
1267 7.898 0.155 7.056 0.008 0.687 7.468
1268 7.898 0.155 7.055 0.008 0.687 7.468
1269 7.898 0.154 7.056 0.008 0.687 7.468
1270 7.898 0.155 7.056 0.008 0.687 7.468
1271 7.898 0.154 7.056 0.008 0.687 7.469
1272 7.898 0.153 7.057 0.008 0.687 7.469
1273 7.898 0.154 7.057 0.008 0.687 7.469
1274 7.898 0.154 7.056 0.008 0.687 7.469
1275 7.898 0.154 7.057 0.008 0.687 7.469
1276 7.898 0.154 7.057 0.008 0.687 7.469
1277 7.898 0.154 7.056 0.008 0.687 7.469
1278 7.898 0.154 7.056 0.008 0.687 7.469
1279 7.898 0.154 7.056 0.008 0.687 7.468
1280 7.898 0.155 7.056 0.008 0.687 7.468
1281 7.898 0.154 7.056 0.008 0.687 7.468
1282 7.898 0.154 7.056 0.008 0.687 7.468
1283 7.898 0.154 7.056 0.008 0.687 7.468
1285 7.898 0.154 7.056 0.008 0.687 7.468
1286 7.898 0.155 7.055 0.008 0.687 7.468
1287 7.898 0.154 7.056 0.008 0.687 7.468
1288 7.898 0.154 7.056 0.008 0.687 7.468
1289 7.898 0.155 7.056 0.008 0.687 7.468
1290 7.898 0.154 7.056 0.008 0.687 7.468
1291 7.898 0.155 7.055 0.008 0.687 7.468
1292 7.898 0.154 7.056 0.008 0.687 7.468
1293 7.898 0.155 7.056 0.008 0.687 7.468
1294 7.898 0.154 7.056 0.008 0.687 7.468
1295 7.898 0.154 7.056 0.008 0.687 7.468
1296 7.898 0.154 7.056 0.008 0.687 7.468
1297 7.898 0.154 7.056 0.008 0.687 7.468
1298 7.898 0.154 7.056 0.008 0.687 7.468
1299 7.898 0.155 7.056 0.008 0.687 7.468
1300 7.898 0.155 7.056 0.008 0.687 7.468
1301 7.898 0.155 7.055 0.008 0.687 7.468
1302 7.898 0.155 7.055 0.008 0.687 7.468
1303 7.898 0.154 7.056 0.008 0.687 7.468
1304 7.898 0.154 7.056 0.008 0.687 7.468
1305 7.898 0.155 7.056 0.008 0.687 7.468
1306 7.898 0.155 7.055 0.008 0.687 7.468
1307 7.898 0.155 7.056 0.008 0.687 7.468
1308 7.898 0.155 7.056 0.008 0.687 7.468
1309 7.898 0.155 7.056 0.008 0.687 7.468
1310 7.898 0.155 7.055 0.008 0.687 7.468
1311 7.898 0.154 7.056 0.008 0.687 7.468
1312 7.898 0.154 7.057 0.008 0.687 7.469
1313 7.898 0.154 7.056 0.008 0.687 7.469
1314 7.898 0.154 7.056 0.008 0.687 7.469
1316 7.898 0.154 7.056 0.008 0.687 7.468
1317 7.898 0.154 7.056 0.008 0.687 7.469
1318 7.898 0.154 7.057 0.008 0.687 7.469
1319 7.898 0.154 7.056 0.008 0.687 7.469
1320 7.898 0.154 7.056 0.008 0.687 7.468
1321 7.898 0.154 7.056 0.008 0.687 7.468
1322 7.898 0.155 7.056 0.008 0.687 7.468
1323 7.898 0.155 7.056 0.008 0.687 7.468
1324 7.898 0.154 7.056 0.008 0.687 7.468
1325 7.898 0.154 7.056 0.008 0.687 7.468
1326 7.898 0.155 7.056 0.008 0.687 7.468
1327 7.898 0.154 7.056 0.008 0.687 7.468
1328 7.898 0.155 7.056 0.008 0.687 7.468
1329 7.898 0.154 7.056 0.008 0.687 7.468
1330 7.898 0.154 7.056 0.008 0.687 7.468
1331 7.898 0.154 7.056 0.008 0.687 7.469
1332 7.898 0.154 7.056 0.008 0.687 7.469
1333 7.898 0.154 7.056 0.008 0.687 7.468
1334 7.898 0.154 7.056 0.008 0.687 7.468
1335 7.898 0.154 7.057 0.008 0.687 7.469
1336 7.898 0.154 7.057 0.008 0.687 7.469
1337 7.898 0.153 7.057 0.008 0.687 7.469
1338 7.898 0.154 7.057 0.008 0.687 7.469
1339 7.898 0.153 7.057 0.008 0.687 7.469
1340 7.898 0.154 7.056 0.008 0.687 7.469
1341 7.898 0.155 7.056 0.008 0.687 7.468
1342 7.898 0.154 7.056 0.008 0.687 7.469
1343 7.898 0.154 7.056 0.008 0.687 7.469
1344 7.898 0.154 7.056 0.008 0.687 7.469
1346 7.898 0.154 7.056 0.008 0.687 7.468
1347 7.898 0.154 7.056 0.008 0.687 7.468
1348 7.898 0.154 7.056 0.008 0.687 7.469
1349 7.898 0.155 7.056 0.008 0.687 7.468
1350 7.898 0.154 7.056 0.008 0.687 7.468
1351 7.898 0.154 7.056 0.008 0.687 7.469
1352 7.898 0.154 7.056 0.008 0.687 7.468
1353 7.898 0.155 7.056 0.008 0.687 7.468
1354 7.898 0.155 7.055 0.008 0.687 7.467
1355 7.898 0.155 7.055 0.008 0.687 7.468
1356 7.898 0.154 7.056 0.008 0.687 7.468
1357 7.898 0.155 7.056 0.008 0.687 7.468
1358 7.898 0.155 7.056 0.008 0.687 7.468
1359 7.898 0.155 7.056 0.008 0.687 7.468
1360 7.898 0.155 7.055 0.008 0.687 7.468
1361 7.898 0.155 7.055 0.008 0.687 7.468
1362 7.898 0.154 7.056 0.008 0.687 7.468
1363 7.898 0.154 7.056 0.008 0.687 7.469
1364 7.898 0.154 7.056 0.008 0.687 7.468
1365 7.898 0.155 7.056 0.008 0.687 7.468
1366 7.898 0.155 7.056 0.008 0.687 7.468
1367 7.898 0.155 7.055 0.008 0.687 7.468
1368 7.898 0.155 7.056 0.008 0.687 7.468
1369 7.898 0.154 7.056 0.008 0.687 7.469
1370 7.898 0.154 7.056 0.008 0.687 7.468
1371 7.898 0.155 7.055 0.008 0.687 7.468
1372 7.898 0.154 7.056 0.008 0.687 7.468
1373 7.898 0.154 7.056 0.008 0.687 7.468
1374 7.898 0.154 7.056 0.008 0.687 7.468
1376 7.898 0.154 7.056 0.008 0.687 7.469
1377 7.898 0.155 7.056 0.008 0.687 7.468
1378 7.898 0.155 7.055 0.008 0.687 7.468
1379 7.898 0.155 7.056 0.008 0.687 7.468
1380 7.898 0.155 7.055 0.008 0.687 7.468
1381 7.898 0.154 7.056 0.008 0.687 7.468
1382 7.898 0.154 7.056 0.008 0.687 7.468
1383 7.898 0.155 7.056 0.008 0.687 7.468
1384 7.898 0.155 7.055 0.008 0.687 7.467
1385 7.898 0.154 7.056 0.008 0.687 7.469
1386 7.898 0.153 7.057 0.008 0.687 7.469
1387 7.898 0.154 7.056 0.008 0.687 7.469
1388 7.898 0.154 7.056 0.008 0.687 7.469
1389 7.898 0.155 7.056 0.008 0.687 7.468
1390 7.898 0.154 7.056 0.008 0.687 7.468
1391 7.898 0.154 7.056 0.008 0.687 7.469
1392 7.898 0.153 7.057 0.008 0.687 7.469
1393 7.898 0.154 7.056 0.008 0.687 7.469
1394 7.898 0.154 7.056 0.008 0.687 7.469
1395 7.898 0.154 7.056 0.008 0.687 7.468
1396 7.898 0.154 7.057 0.008 0.687 7.469
1397 7.898 0.154 7.056 0.008 0.687 7.468
1398 7.898 0.155 7.056 0.008 0.687 7.468
1399 7.898 0.154 7.056 0.008 0.687 7.468
1400 7.898 0.154 7.057 0.008 0.687 7.469
1401 7.898 0.154 7.056 0.008 0.687 7.469
1402 7.898 0.154 7.056 0.008 0.687 7.469
1403 7.898 0.154 7.056 0.008 0.687 7.469
1404 7.898 0.155 7.056 0.008 0.687 7.468
1406 7.898 0.155 7.055 0.008 0.687 7.468
1407 7.898 0.155 7.056 0.008 0.687 7.468
1408 7.898 0.154 7.057 0.008 0.687 7.469
1409 7.898 0.154 7.057 0.008 0.687 7.469
1410 7.898 0.153 7.057 0.008 0.687 7.469
1411 7.898 0.154 7.056 0.008 0.687 7.469
1412 7.898 0.154 7.056 0.008 0.687 7.468
1413 7.898 0.154 7.056 0.008 0.687 7.468
1414 7.898 0.154 7.056 0.008 0.687 7.468
1415 7.898 0.155 7.056 0.008 0.687 7.468
1416 7.898 0.155 7.056 0.008 0.687 7.468
1417 7.898 0.154 7.056 0.008 0.687 7.468
1418 7.898 0.154 7.056 0.008 0.687 7.468
1419 7.898 0.154 7.056 0.008 0.687 7.468
1420 7.898 0.155 7.056 0.008 0.687 7.468
1421 7.898 0.155 7.056 0.008 0.687 7.468
1422 7.898 0.154 7.056 0.008 0.687 7.468
1423 7.898 0.155 7.056 0.008 0.687 7.468
1424 7.898 0.154 7.056 0.008 0.687 7.468
1425 7.898 0.153 7.057 0.008 0.687 7.469
1426 7.898 0.154 7.057 0.008 0.687 7.469
1427 7.898 0.154 7.057 0.008 0.687 7.469
1428 7.898 0.154 7.056 0.008 0.687 7.469
1429 7.898 0.155 7.056 0.008 0.687 7.468
1430 7.898 0.154 7.056 0.008 0.687 7.468
1431 7.898 0.154 7.056 0.008 0.687 7.469
1432 7.898 0.155 7.056 0.008 0.687 7.468
1433 7.898 0.154 7.056 0.008 0.687 7.468
1434 7.898 0.154 7.056 0.008 0.687 7.469
1435 7.898 0.153 7.057 0.008 0.687 7.469
1437 7.898 0.154 7.057 0.008 0.687 7.469
1438 7.898 0.154 7.056 0.008 0.687 7.469
1439 7.898 0.153 7.057 0.008 0.687 7.469
1440 7.898 0.153 7.057 0.008 0.687 7.469
1441 7.898 0.154 7.056 0.008 0.687 7.469
1442 7.898 0.154 7.057 0.008 0.687 7.469
1443 7.898 0.154 7.056 0.008 0.687 7.469
1444 7.898 0.154 7.056 0.008 0.687 7.469
1445 7.898 0.154 7.056 0.008 0.687 7.468
1446 7.898 0.155 7.056 0.008 0.687 7.468
1447 7.898 0.154 7.056 0.008 0.687 7.469
1448 7.898 0.154 7.056 0.008 0.687 7.468
1449 7.898 0.155 7.056 0.008 0.687 7.468
1450 7.898 0.155 7.056 0.008 0.687 7.468
1451 7.898 0.155 7.055 0.008 0.687 7.468
1452 7.898 0.154 7.056 0.008 0.687 7.468
1453 7.898 0.155 7.056 0.008 0.687 7.468
1454 7.898 0.154 7.056 0.008 0.687 7.468
1455 7.898 0.155 7.056 0.008 0.687 7.468
1456 7.898 0.155 7.055 0.008 0.687 7.467
1457 7.898 0.155 7.056 0.008 0.687 7.468
1458 7.898 0.154 7.056 0.008 0.687 7.469
1459 7.898 0.154 7.056 0.008 0.687 7.469
1460 7.898 0.154 7.056 0.008 0.687 7.469
1461 7.898 0.153 7.057 0.008 0.687 7.469
1462 7.898 0.153 7.057 0.008 0.687 7.469
1463 7.898 0.154 7.056 0.008 0.687 7.469
1464 7.898 0.154 7.057 0.008 0.687 7.469
1465 7.898 0.153 7.057 0.008 0.687 7.469
1467 7.898 0.154 7.056 0.008 0.687 7.469
1468 7.898 0.154 7.056 0.008 0.687 7.469
1469 7.898 0.154 7.056 0.008 0.687 7.468
1470 7.898 0.154 7.057 0.008 0.687 7.469
1471 7.898 0.154 7.056 0.008 0.687 7.469
1472 7.898 0.154 7.056 0.008 0.687 7.469
1473 7.898 0.154 7.056 0.008 0.687 7.468
1474 7.898 0.155 7.055 0.008 0.687 7.468
1475 7.898 0.154 7.056 0.008 0.687 7.468
1476 7.898 0.155 7.056 0.008 0.687 7.468
1477 7.898 0.155 7.056 0.008 0.687 7.468
1478 7.898 0.155 7.055 0.008 0.687 7.468
1479 7.898 0.154 7.056 0.008 0.687 7.469
1480 7.898 0.154 7.056 0.008 0.687 7.468
1481 7.898 0.154 7.056 0.008 0.687 7.468
1482 7.898 0.155 7.055 0.008 0.687 7.468
1483 7.898 0.155 7.056 0.008 0.687 7.468
1484 7.898 0.154 7.056 0.008 0.687 7.469
1485 7.898 0.155 7.055 0.008 0.687 7.468
1486 7.898 0.154 7.056 0.008 0.687 7.468
1487 7.898 0.154 7.056 0.008 0.687 7.469
1488 7.898 0.154 7.056 0.008 0.687 7.469
1489 7.898 0.154 7.057 0.008 0.687 7.469
1490 7.898 0.155 7.056 0.008 0.687 7.468
1491 7.898 0.154 7.057 0.008 0.687 7.469
1492 7.898 0.154 7.056 0.008 0.687 7.469
1493 7.898 0.154 7.056 0.008 0.687 7.468
1494 7.898 0.154 7.056 0.008 0.687 7.468
1495 7.898 0.154 7.056 0.008 0.687 7.469
1497 7.898 0.154 7.056 0.008 0.687 7.468
1498 7.898 0.155 7.055 0.008 0.687 7.468
1499 7.898 0.154 7.056 0.008 0.687 7.468
1500 7.898 0.155 7.056 0.008 0.687 7.468
1501 7.898 0.154 7.056 0.008 0.687 7.468
1502 7.898 0.155 7.055 0.008 0.687 7.468
1503 7.898 0.155 7.056 0.008 0.687 7.468
1504 7.898 0.154 7.056 0.008 0.687 7.468
1505 7.898 0.154 7.056 0.008 0.687 7.469
1506 7.898 0.154 7.056 0.008 0.687 7.468
1507 7.898 0.154 7.056 0.008 0.687 7.469
1508 7.898 0.154 7.056 0.008 0.687 7.469
1509 7.898 0.154 7.057 0.008 0.687 7.469
1510 7.898 0.154 7.057 0.008 0.687 7.469
1511 7.898 0.154 7.056 0.008 0.687 7.469
1512 7.898 0.153 7.057 0.008 0.687 7.469
1513 7.898 0.153 7.057 0.008 0.687 7.469
1514 7.898 0.153 7.057 0.008 0.687 7.469
1515 7.898 0.153 7.057 0.008 0.687 7.469
1516 7.898 0.154 7.057 0.008 0.687 7.469
1517 7.898 0.153 7.057 0.008 0.687 7.469
1518 7.898 0.153 7.057 0.008 0.687 7.47
1519 7.898 0.153 7.057 0.008 0.687 7.469
1520 7.898 0.154 7.057 0.008 0.687 7.469
1521 7.898 0.154 7.056 0.008 0.687 7.469
1522 7.898 0.154 7.056 0.008 0.687 7.468
1523 7.898 0.154 7.057 0.008 0.687 7.469
1524 7.898 0.154 7.056 0.008 0.687 7.469
1526 7.898 0.154 7.057 0.008 0.687 7.469
1527 7.898 0.154 7.057 0.008 0.687 7.469
1528 7.898 0.154 7.057 0.008 0.687 7.469
1529 7.898 0.154 7.057 0.008 0.687 7.469
1530 7.898 0.154 7.056 0.008 0.687 7.468
1531 7.898 0.154 7.056 0.008 0.687 7.469
1532 7.898 0.154 7.056 0.008 0.687 7.469
1533 7.898 0.154 7.056 0.008 0.687 7.468
1534 7.898 0.155 7.055 0.008 0.687 7.468
1535 7.898 0.153 7.057 0.008 0.687 7.469
1536 7.898 0.153 7.057 0.008 0.687 7.469
1537 7.898 0.154 7.057 0.008 0.687 7.469
1538 7.898 0.154 7.056 0.008 0.687 7.469
1539 7.898 0.154 7.056 0.008 0.687 7.468
1540 7.898 0.154 7.056 0.008 0.687 7.469
1541 7.898 0.154 7.056 0.008 0.687 7.469
1542 7.898 0.154 7.056 0.008 0.687 7.468
1543 7.898 0.154 7.056 0.008 0.687 7.469
1544 7.898 0.154 7.056 0.008 0.687 7.468
1545 7.898 0.154 7.056 0.008 0.687 7.469
1546 7.898 0.154 7.056 0.008 0.687 7.469
1547 7.898 0.154 7.056 0.008 0.687 7.468
1548 7.898 0.154 7.056 0.008 0.687 7.469
1549 7.898 0.154 7.057 0.008 0.687 7.469
1550 7.898 0.154 7.057 0.008 0.687 7.469
1551 7.898 0.154 7.056 0.008 0.687 7.469
1552 7.898 0.155 7.056 0.008 0.687 7.468
1554 7.898 0.154 7.056 0.008 0.687 7.468
1555 7.898 0.154 7.056 0.008 0.687 7.468
1556 7.898 0.154 7.057 0.008 0.687 7.469
1557 7.898 0.154 7.057 0.008 0.687 7.469
1558 7.898 0.154 7.057 0.008 0.687 7.469
1559 7.898 0.154 7.057 0.008 0.687 7.469
1560 7.898 0.154 7.057 0.008 0.687 7.469
1561 7.898 0.154 7.057 0.008 0.687 7.469
1562 7.898 0.153 7.057 0.008 0.687 7.47
1563 7.898 0.153 7.057 0.008 0.687 7.469
1564 7.898 0.154 7.056 0.008 0.687 7.469
1565 7.898 0.153 7.057 0.008 0.687 7.47
1566 7.898 0.154 7.056 0.008 0.687 7.469
1567 7.898 0.154 7.057 0.008 0.687 7.469
1568 7.898 0.154 7.056 0.008 0.687 7.469
1569 7.898 0.154 7.056 0.008 0.687 7.469
1570 7.898 0.154 7.056 0.008 0.687 7.468
1571 7.898 0.154 7.056 0.008 0.687 7.469
1572 7.898 0.155 7.056 0.008 0.687 7.468
1573 7.898 0.155 7.055 0.008 0.687 7.468
1574 7.898 0.154 7.056 0.008 0.687 7.469
1575 7.898 0.154 7.056 0.008 0.687 7.468
1576 7.898 0.155 7.055 0.008 0.687 7.468
1577 7.898 0.154 7.056 0.008 0.687 7.468
1578 7.898 0.154 7.056 0.008 0.687 7.469
1579 7.898 0.155 7.056 0.008 0.687 7.468
1580 7.898 0.154 7.056 0.008 0.687 7.469
1582 7.898 0.154 7.057 0.008 0.687 7.469
1583 7.898 0.154 7.056 0.008 0.687 7.468
1584 7.898 0.154 7.056 0.008 0.687 7.468
1585 7.898 0.154 7.056 0.008 0.687 7.468
1586 7.898 0.155 7.056 0.008 0.687 7.468
1587 7.898 0.155 7.055 0.008 0.687 7.468
1588 7.898 0.155 7.056 0.008 0.687 7.468
1589 7.898 0.155 7.056 0.008 0.687 7.468
1590 7.898 0.155 7.055 0.008 0.687 7.468
1591 7.898 0.155 7.056 0.008 0.687 7.468
1592 7.898 0.155 7.056 0.008 0.687 7.468
1593 7.898 0.155 7.056 0.008 0.687 7.468
1594 7.898 0.154 7.056 0.008 0.687 7.468
1595 7.898 0.154 7.056 0.008 0.687 7.469
1596 7.898 0.155 7.055 0.008 0.687 7.468
1597 7.898 0.155 7.055 0.008 0.687 7.468
1598 7.898 0.154 7.056 0.008 0.687 7.468
1599 7.898 0.155 7.055 0.008 0.687 7.468
1600 7.898 0.155 7.056 0.008 0.687 7.468
1601 7.898 0.154 7.056 0.008 0.687 7.468
1602 7.898 0.154 7.056 0.008 0.687 7.468
1603 7.898 0.155 7.055 0.008 0.687 7.468
1604 7.898 0.155 7.055 0.008 0.687 7.467
1605 7.898 0.154 7.056 0.008 0.687 7.469
1606 7.898 0.154 7.056 0.008 0.687 7.469
1607 7.898 0.154 7.056 0.008 0.687 7.468
1608 7.898 0.154 7.056 0.008 0.687 7.468
1609 7.898 0.154 7.057 0.008 0.687 7.469
1610 7.898 0.154 7.057 0.008 0.687 7.469
1612 7.898 0.154 7.056 0.008 0.687 7.469
1613 7.898 0.154 7.056 0.008 0.687 7.468
1614 7.898 0.154 7.056 0.008 0.687 7.469
1615 7.898 0.154 7.056 0.008 0.687 7.469
1616 7.898 0.154 7.056 0.008 0.687 7.468
1617 7.898 0.155 7.056 0.008 0.687 7.468
1618 7.898 0.155 7.056 0.008 0.687 7.468
1619 7.898 0.155 7.055 0.008 0.687 7.468
1620 7.898 0.155 7.056 0.008 0.687 7.468
1621 7.898 0.154 7.056 0.008 0.687 7.469
1622 7.898 0.154 7.056 0.008 0.687 7.468
1623 7.898 0.154 7.056 0.008 0.687 7.468
1624 7.898 0.155 7.055 0.008 0.687 7.468
1625 7.898 0.154 7.056 0.008 0.687 7.468
1626 7.898 0.154 7.056 0.008 0.687 7.468
1627 7.898 0.154 7.056 0.008 0.687 7.469
1628 7.898 0.154 7.056 0.008 0.687 7.468
1629 7.898 0.155 7.056 0.008 0.687 7.468
1630 7.898 0.154 7.056 0.008 0.687 7.469
1631 7.898 0.154 7.057 0.008 0.687 7.469
1632 7.898 0.154 7.056 0.008 0.687 7.469
1633 7.898 0.154 7.056 0.008 0.687 7.468
1634 7.898 0.154 7.056 0.008 0.687 7.469
1635 7.898 0.154 7.056 0.008 0.687 7.468
1636 7.898 0.154 7.056 0.008 0.687 7.468
1637 7.898 0.154 7.056 0.008 0.687 7.469
1638 7.898 0.154 7.056 0.008 0.687 7.469
1639 7.898 0.154 7.056 0.008 0.687 7.469
1640 7.898 0.154 7.056 0.008 0.687 7.469
1642 7.898 0.154 7.056 0.008 0.687 7.468
1643 7.898 0.155 7.055 0.008 0.687 7.468
1644 7.898 0.154 7.056 0.008 0.687 7.468
1645 7.898 0.153 7.057 0.008 0.687 7.469
1646 7.898 0.153 7.057 0.008 0.687 7.469
1647 7.898 0.154 7.057 0.008 0.687 7.469
1648 7.898 0.154 7.056 0.008 0.687 7.469
1649 7.898 0.154 7.056 0.008 0.687 7.468
1650 7.898 0.154 7.056 0.008 0.687 7.468
1651 7.898 0.154 7.057 0.008 0.687 7.469
1652 7.898 0.153 7.057 0.008 0.687 7.469
1653 7.898 0.154 7.056 0.008 0.687 7.469
1654 7.898 0.154 7.056 0.008 0.687 7.468
1655 7.898 0.154 7.056 0.008 0.687 7.468
1656 7.898 0.155 7.055 0.008 0.687 7.468
1657 7.898 0.154 7.056 0.008 0.687 7.468
1658 7.898 0.154 7.056 0.008 0.687 7.469
1659 7.898 0.155 7.055 0.008 0.687 7.468
1660 7.898 0.153 7.057 0.008 0.687 7.469
1661 7.898 0.154 7.056 0.008 0.687 7.469
1662 7.898 0.154 7.056 0.008 0.687 7.469
1663 7.898 0.154 7.057 0.008 0.687 7.469
1664 7.898 0.154 7.056 0.008 0.687 7.468
